0 0.0000014184 4328.1250000000
0 0 2 0.0000003175 2546.8750000000 91773  46 2 1 1 33 1 1 1 891 
1 1 4 0.0000001083 734.3750000000 1400  41 2 1 1 15 1 1 1 12 
2 1 4 0.0000000715 1937.5000000000 1400  41 2 1 1 15 1 1 1 12 
3 3 0 0.0000000375 2265.6250000000 1500  46 2 1 1 15 1 1 1 12 
4 3 0 0.0000000375 2265.6250000000 1500  46 2 1 1 15 1 1 1 12 
5 3 0 0.0000000252 843.7500000000 4743  46 2 1 1 15 1 1 1 81 
6 3 0 0.0000000252 843.7500000000 4743  46 2 1 1 15 1 1 1 81 
7 3 0 0.0000000252 843.7500000000 4743  46 2 1 1 15 1 1 1 81 
8 8 3 0.0000000123 1671.8750000000 13447  15 2 1 1 51 1 1 1 81 
9 8 3 0.0000000123 1671.8750000000 82577  15 2 1 1 51 1 1 1 527 
10 8 3 0.0000000123 1671.8750000000 13447  15 2 1 1 51 1 1 1 81 
11 8 3 0.0000000123 1671.8750000000 13447  15 2 1 1 51 1 1 1 81 
12 8 3 0.0000000123 1671.8750000000 13447  15 2 1 1 51 1 1 1 81 
13 8 3 0.0000000110 1250.0000000000 13447  15 2 1 1 51 1 1 1 81 
14 8 3 0.0000000110 1250.0000000000 13447  15 2 1 1 51 1 1 1 81 
15 8 3 0.0000000110 1250.0000000000 13447  15 2 1 1 51 1 1 1 81 
16 8 3 0.0000000110 1250.0000000000 13447  15 2 1 1 51 1 1 1 81 
17 8 3 0.0000000110 1250.0000000000 13447  15 2 1 1 51 1 1 1 81 
18 8 3 0.0000000110 1250.0000000000 13447  15 2 1 1 51 1 1 1 81 
19 8 3 0.0000000110 1250.0000000000 14791  39 2 1 1 51 1 1 1 81 
20 8 3 0.0000000110 1250.0000000000 13279  12 2 1 1 51 1 1 1 81 
21 8 3 0.0000000110 1250.0000000000 13447  15 2 1 1 51 1 1 1 81 
22 8 3 0.0000000110 1250.0000000000 13447  15 2 1 1 51 1 1 1 81 
23 8 3 0.0000000110 1250.0000000000 3346  15 2 1 1 12 1 1 1 81 
24 8 3 0.0000000110 1250.0000000000 13447  15 2 1 1 51 1 1 1 81 
25 8 3 0.0000000110 1250.0000000000 13447  15 2 1 1 51 1 1 1 81 
26 8 3 0.0000000110 1250.0000000000 13447  15 2 1 1 51 1 1 1 81 
27 8 3 0.0000000110 1250.0000000000 13447  15 2 1 1 51 1 1 1 81 
28 8 3 0.0000000110 1250.0000000000 13447  15 2 1 1 51 1 1 1 81 
29 8 3 0.0000000110 1250.0000000000 8785  15 2 1 1 33 1 1 1 81 
30 8 3 0.0000000110 1250.0000000000 13447  15 2 1 1 51 1 1 1 81 
31 8 3 0.0000000110 1250.0000000000 13447  15 2 1 1 51 1 1 1 81 
32 8 3 0.0000000110 1250.0000000000 13447  15 2 1 1 51 1 1 1 81 
33 8 3 0.0000000110 1250.0000000000 6782  15 2 1 1 51 1 1 1 38 
34 8 3 0.0000000110 1250.0000000000 13447  15 2 1 1 51 1 1 1 81 
35 8 3 0.0000000110 1250.0000000000 10347  15 2 1 1 51 1 1 1 61 
36 8 3 0.0000000110 1250.0000000000 13447  15 2 1 1 51 1 1 1 81 
37 8 3 0.0000000110 1250.0000000000 13447  15 2 1 1 51 1 1 1 81 
38 8 3 0.0000000110 1250.0000000000 13447  15 2 1 1 51 1 1 1 81 
39 8 3 0.0000000110 1250.0000000000 13447  15 2 1 1 51 1 1 1 81 
40 8 3 0.0000000110 1250.0000000000 13447  15 2 1 1 51 1 1 1 81 
41 8 3 0.0000000110 1250.0000000000 13447  15 2 1 1 51 1 1 1 81 
42 8 3 0.0000000110 1250.0000000000 36697  15 2 1 1 51 1 1 1 231 
43 8 3 0.0000000110 1250.0000000000 13447  15 2 1 1 51 1 1 1 81 
44 8 3 0.0000000110 1250.0000000000 10037  15 2 1 1 51 1 1 1 59 
45 8 3 0.0000000110 1250.0000000000 13447  15 2 1 1 51 1 1 1 81 
46 8 3 0.0000000110 1250.0000000000 13447  15 2 1 1 51 1 1 1 81 
47 8 3 0.0000000110 1250.0000000000 13447  15 2 1 1 51 1 1 1 81 
48 8 3 0.0000000110 1250.0000000000 14119  27 2 1 1 51 1 1 1 81 
49 8 3 0.0000000110 1250.0000000000 13447  15 2 1 1 51 1 1 1 81 
50 8 3 0.0000000110 1250.0000000000 13447  15 2 1 1 51 1 1 1 81 
51 8 3 0.0000000110 1250.0000000000 13447  15 2 1 1 51 1 1 1 81 
52 8 3 0.0000000110 1250.0000000000 13447  15 2 1 1 51 1 1 1 81 
53 8 3 0.0000000110 1250.0000000000 13447  15 2 1 1 51 1 1 1 81 
54 8 3 0.0000000110 1250.0000000000 13447  15 2 1 1 51 1 1 1 81 
55 8 3 0.0000000110 1250.0000000000 13447  15 2 1 1 51 1 1 1 81 
56 8 3 0.0000000110 1250.0000000000 13447  15 2 1 1 51 1 1 1 81 
57 8 3 0.0000000110 1250.0000000000 13447  15 2 1 1 51 1 1 1 81 
58 58 2 0.0000000096 1515.6250000000 19802  15 2 1 1 51 1 1 1 122 
59 58 2 0.0000000096 1515.6250000000 101797  15 2 1 1 51 1 1 1 651 
60 58 2 0.0000000096 1515.6250000000 101797  15 2 1 1 51 1 1 1 651 
61 58 2 0.0000000096 1515.6250000000 101797  15 2 1 1 51 1 1 1 651 
62 58 2 0.0000000096 1515.6250000000 86607  15 2 1 1 51 1 1 1 553 
63 58 2 0.0000000096 1515.6250000000 86607  15 2 1 1 51 1 1 1 553 
64 58 2 0.0000000096 1515.6250000000 86607  15 2 1 1 51 1 1 1 553 
65 58 2 0.0000000096 1515.6250000000 99627  15 2 1 1 51 1 1 1 637 
66 58 2 0.0000000096 1515.6250000000 19802  15 2 1 1 51 1 1 1 122 
67 58 2 0.0000000096 1515.6250000000 21258  41 2 1 1 51 1 1 1 122 
68 58 2 0.0000000096 1515.6250000000 19802  15 2 1 1 51 1 1 1 122 
69 58 2 0.0000000096 1515.6250000000 145972  15 2 1 1 51 1 1 1 936 
70 58 2 0.0000000096 1515.6250000000 19802  15 2 1 1 51 1 1 1 122 
71 58 2 0.0000000096 1515.6250000000 19242  5 2 1 1 51 1 1 1 122 
72 58 2 0.0000000096 1515.6250000000 21482  45 2 1 1 51 1 1 1 122 
73 58 2 0.0000000096 1515.6250000000 140057  45 2 1 1 51 1 1 1 887 
74 58 2 0.0000000096 1515.6250000000 21370  43 2 1 1 51 1 1 1 122 
75 58 2 0.0000000096 1515.6250000000 131402  15 2 1 1 51 1 1 1 842 
76 58 2 0.0000000096 1515.6250000000 19802  15 2 1 1 51 1 1 1 122 
77 58 2 0.0000000096 1515.6250000000 19802  15 2 1 1 51 1 1 1 122 
78 58 2 0.0000000096 1515.6250000000 19802  15 2 1 1 51 1 1 1 122 
79 58 2 0.0000000096 1515.6250000000 19802  15 2 1 1 51 1 1 1 122 
80 58 2 0.0000000096 1515.6250000000 16560  18 2 1 1 51 1 1 1 100 
81 58 2 0.0000000096 1515.6250000000 114352  15 2 1 1 51 1 1 1 732 
82 58 2 0.0000000096 1515.6250000000 19802  15 2 1 1 51 1 1 1 122 
83 58 2 0.0000000096 1515.6250000000 19802  15 2 1 1 51 1 1 1 122 
84 58 2 0.0000000096 1515.6250000000 19802  15 2 1 1 51 1 1 1 122 
85 58 2 0.0000000096 1515.6250000000 19802  15 2 1 1 51 1 1 1 122 
86 58 2 0.0000000096 1515.6250000000 151552  15 2 1 1 51 1 1 1 972 
87 58 2 0.0000000096 1515.6250000000 151552  15 2 1 1 51 1 1 1 972 
88 58 2 0.0000000096 1515.6250000000 19802  15 2 1 1 51 1 1 1 122 
89 58 2 0.0000000096 1515.6250000000 19802  15 2 1 1 51 1 1 1 122 
90 58 2 0.0000000096 1515.6250000000 19802  15 2 1 1 51 1 1 1 122 
91 58 2 0.0000000096 1515.6250000000 19802  15 2 1 1 51 1 1 1 122 
92 58 2 0.0000000096 1515.6250000000 19802  15 2 1 1 51 1 1 1 122 
93 58 2 0.0000000096 1515.6250000000 19802  15 2 1 1 51 1 1 1 122 
94 58 2 0.0000000096 1515.6250000000 19802  15 2 1 1 51 1 1 1 122 
95 58 2 0.0000000096 1515.6250000000 19802  15 2 1 1 51 1 1 1 122 
96 58 2 0.0000000096 1515.6250000000 19802  15 2 1 1 51 1 1 1 122 
97 58 2 0.0000000096 1515.6250000000 19802  15 2 1 1 51 1 1 1 122 
98 58 2 0.0000000096 1515.6250000000 19802  15 2 1 1 51 1 1 1 122 
99 58 2 0.0000000096 1515.6250000000 19802  15 2 1 1 51 1 1 1 122 
