0 0.0000000004 20093.7500000000
0 0 4 0.0000000004 4343.7500000000 599250  13 3 1 150 280 60 19 
1 0 4 0.0000000004 4343.7500000000 599250  13 3 1 150 280 60 19 
2 0 4 0.0000000004 4343.7500000000 599250  13 3 1 150 280 60 19 
3 0 4 0.0000000004 4343.7500000000 613870  13 3 1 150 285 60 19 
4 0 4 0.0000000004 4343.7500000000 613870  13 3 1 150 285 60 19 
5 0 4 0.0000000004 4343.7500000000 613870  13 3 1 150 285 60 19 
6 0 4 0.0000000004 4343.7500000000 594750  13 3 1 150 280 45 19 
7 0 4 0.0000000004 4343.7500000000 599250  13 3 1 150 280 60 19 
8 0 4 0.0000000004 4343.7500000000 598398  13 3 1 150 280 56 25 
9 0 4 0.0000000004 4343.7500000000 599622  13 3 1 150 280 60 25 
10 10 8 0.0000000004 15718.7500000000 346270  13 3 1 11 280 60 19 
11 10 8 0.0000000004 15718.7500000000 346270  13 3 1 11 280 60 19 
12 10 8 0.0000000004 15718.7500000000 346270  13 3 1 11 280 60 19 
13 10 8 0.0000000004 15718.7500000000 347596  39 3 1 11 280 60 19 
14 10 8 0.0000000004 15718.7500000000 347596  39 3 1 11 280 60 19 
15 10 8 0.0000000004 15718.7500000000 347596  39 3 1 11 280 60 19 
16 10 8 0.0000000004 15718.7500000000 346270  13 3 1 11 280 60 19 
17 10 8 0.0000000004 15718.7500000000 346084  13 3 1 11 280 60 16 
18 10 8 0.0000000004 15718.7500000000 344470  13 3 1 11 280 54 19 
19 10 8 0.0000000004 15718.7500000000 346270  13 3 1 11 280 60 19 
