0 0.0000003307 3468.7500000000
0 0 2 0.0000057243 3250.0000000000 225559  16 6 2 1 1 2 1 84 3 1 1 1 3 1 871 
1 1 4 0.0000085212 2500.0000000000 76411  10 7 2 1 1 3 1 80 4 1 1 1 3 1 890 
2 1 4 0.0000085212 2500.0000000000 76411  10 7 2 1 1 3 1 80 4 1 1 1 3 1 890 
3 1 4 0.0000085212 2500.0000000000 299986  41 2 2 1 1 2 1 80 4 1 1 1 3 1 890 
4 1 4 0.0000085212 2500.0000000000 147511  10 2 2 1 1 3 1 80 4 1 1 1 3 1 890 
5 1 4 0.0000085212 2500.0000000000 147511  10 2 2 1 1 3 1 80 4 1 1 1 3 1 890 
6 1 4 0.0000085212 2500.0000000000 149786  17 2 2 1 1 3 1 80 4 1 1 1 3 1 890 
7 1 4 0.0000085212 2500.0000000000 47711  10 7 2 1 1 3 1 80 4 1 1 1 3 1 540 
8 1 4 0.0000085212 2500.0000000000 76411  10 7 2 1 1 3 1 80 4 1 1 1 3 1 890 
9 1 4 0.0000085212 2500.0000000000 76411  10 7 2 1 1 3 1 80 4 1 1 1 3 1 890 
10 1 4 0.0000085212 2500.0000000000 76411  10 7 2 1 1 3 1 80 4 1 1 1 3 1 890 
11 1 4 0.0000085212 2500.0000000000 76411  10 7 2 1 1 3 1 80 4 1 1 1 3 1 890 
12 1 4 0.0000085212 2500.0000000000 76411  10 7 2 1 1 3 1 80 4 1 1 1 3 1 890 
13 13 1 0.0000141288 2062.5000000000 16572  10 6 2 1 1 2 1 13 4 1 1 1 3 1 388 
14 14 3 0.0000146021 2906.2500000000 6014  3 10 2 1 1 3 1 13 3 1 1 1 3 1 388 
0 0.0000018096 5234.3750000000
0 0 2 0.0000011563 1109.3750000000 28071  28 2 2 1 1 2 1 16 2 1 1 1 2 1 237 
1 1 0 0.0000011190 2125.0000000000 20879  28 9 2 1 1 2 1 16 2 1 1 1 2 1 237 
2 2 2 0.0000004245 750.0000000000 28071  28 2 2 1 1 2 1 16 2 1 1 1 2 1 237 
3 2 2 0.0000002947 2671.8750000000 25175  28 2 2 1 1 2 1 16 4 1 1 1 2 1 237 
4 2 2 0.0000002947 2671.8750000000 13799  28 2 2 1 1 3 1 16 4 1 1 1 2 1 237 
5 2 2 0.0000002947 2671.8750000000 13799  28 2 2 1 1 3 1 16 4 1 1 1 2 1 237 
6 2 2 0.0000002947 2671.8750000000 91180  28 2 2 1 1 2 1 59 4 1 1 1 2 1 237 
7 2 2 0.0000002947 2671.8750000000 26486  47 2 2 1 1 2 1 16 4 1 1 1 2 1 237 
8 8 4 0.0000001467 1562.5000000000 32917  28 2 2 1 1 2 1 16 4 1 1 1 2 1 316 
9 8 4 0.0000001467 1562.5000000000 32917  28 2 2 1 1 2 1 16 4 1 1 1 2 1 316 
10 8 4 0.0000001467 1562.5000000000 32917  28 2 2 1 1 2 1 16 4 1 1 1 2 1 316 
11 8 4 0.0000001467 1562.5000000000 32469  28 2 2 1 1 2 1 16 3 1 1 1 2 1 316 
12 8 4 0.0000001467 1562.5000000000 32917  28 2 2 1 1 2 1 16 4 1 1 1 2 1 316 
13 8 4 0.0000001467 1562.5000000000 31882  13 2 2 1 1 2 1 16 4 1 1 1 2 1 316 
14 8 4 0.0000001467 1562.5000000000 32917  28 2 2 1 1 2 1 16 4 1 1 1 2 1 316 
15 8 4 0.0000001467 1562.5000000000 32917  28 2 2 1 1 2 1 16 4 1 1 1 2 1 316 
16 8 4 0.0000001467 1562.5000000000 32917  28 2 2 1 1 2 1 16 4 1 1 1 2 1 316 
17 8 4 0.0000001467 1562.5000000000 32917  28 2 2 1 1 2 1 16 4 1 1 1 2 1 316 
18 8 4 0.0000001467 1562.5000000000 75106  28 2 2 1 1 2 1 37 4 1 1 1 2 1 316 
19 8 4 0.0000001467 1562.5000000000 32917  28 2 2 1 1 2 1 16 4 1 1 1 2 1 316 
20 8 4 0.0000001467 1562.5000000000 32469  28 2 2 1 1 2 1 16 3 1 1 1 2 1 316 
21 21 2 0.0000001271 2015.6250000000 32917  28 2 2 1 1 2 1 16 4 1 1 1 2 1 316 
22 21 2 0.0000001271 2015.6250000000 2782  28 2 2 1 1 2 1 1 4 1 1 1 2 1 316 
23 21 2 0.0000001271 2015.6250000000 32917  28 2 2 1 1 2 1 16 4 1 1 1 2 1 316 
24 21 2 0.0000001271 2015.6250000000 32917  28 2 2 1 1 2 1 16 4 1 1 1 2 1 316 
25 21 2 0.0000001271 2015.6250000000 32917  28 2 2 1 1 2 1 16 4 1 1 1 2 1 316 
26 21 2 0.0000001271 2015.6250000000 32917  28 2 2 1 1 2 1 16 4 1 1 1 2 1 316 
27 21 2 0.0000001271 2015.6250000000 32917  28 2 2 1 1 2 1 16 4 1 1 1 2 1 316 
28 21 2 0.0000001271 2015.6250000000 32917  28 2 2 1 1 2 1 16 4 1 1 1 2 1 316 
29 21 2 0.0000001271 2015.6250000000 31330  5 2 2 1 1 2 1 16 4 1 1 1 2 1 316 
30 21 2 0.0000001271 2015.6250000000 28029  28 5 2 1 1 2 1 16 4 1 1 1 2 1 316 
31 21 2 0.0000001271 2015.6250000000 32917  28 2 2 1 1 2 1 16 4 1 1 1 2 1 316 
32 21 2 0.0000001271 2015.6250000000 32917  28 2 2 1 1 2 1 16 4 1 1 1 2 1 316 
33 21 2 0.0000001271 2015.6250000000 32917  28 2 2 1 1 2 1 16 4 1 1 1 2 1 316 
34 21 2 0.0000001271 2015.6250000000 80349  28 2 2 1 1 2 1 16 4 1 1 1 2 1 800 
35 21 2 0.0000001271 2015.6250000000 53853  28 2 2 1 1 2 1 16 2 1 1 1 3 1 800 
36 21 2 0.0000001271 2015.6250000000 32917  28 2 2 1 1 2 1 16 4 1 1 1 2 1 316 
37 21 2 0.0000001271 2015.6250000000 32917  28 2 2 1 1 2 1 16 4 1 1 1 2 1 316 
38 21 2 0.0000001271 2015.6250000000 32917  28 2 2 1 1 2 1 16 4 1 1 1 2 1 316 
39 21 2 0.0000001271 2015.6250000000 22805  28 2 2 1 1 2 1 16 4 1 1 1 3 1 316 
40 21 2 0.0000001271 2015.6250000000 22805  28 2 2 1 1 2 1 16 4 1 1 1 3 1 316 
41 21 2 0.0000001271 2015.6250000000 32917  28 2 2 1 1 2 1 16 4 1 1 1 2 1 316 
42 21 2 0.0000001271 2015.6250000000 91325  28 2 2 1 1 2 1 16 4 1 1 1 2 1 912 
43 21 2 0.0000001271 2015.6250000000 32973  28 3 2 1 1 2 1 16 4 1 1 1 2 1 316 
44 21 2 0.0000001271 2015.6250000000 32917  28 2 2 1 1 2 1 16 4 1 1 1 2 1 316 
45 21 2 0.0000001271 2015.6250000000 32917  28 2 2 1 1 2 1 16 4 1 1 1 2 1 316 
46 21 2 0.0000001271 2015.6250000000 32917  28 2 2 1 1 2 1 16 4 1 1 1 2 1 316 
47 21 2 0.0000001271 2015.6250000000 32917  28 2 2 1 1 2 1 16 4 1 1 1 2 1 316 
48 21 2 0.0000001271 2015.6250000000 17749  28 2 2 1 1 2 1 16 4 1 1 1 4 1 316 
49 21 2 0.0000001271 2015.6250000000 17749  28 2 2 1 1 2 1 16 4 1 1 1 4 1 316 
50 21 2 0.0000001271 2015.6250000000 22805  28 2 2 1 1 2 1 16 4 1 1 1 3 1 316 
51 21 2 0.0000001271 2015.6250000000 32917  28 2 2 1 1 2 1 16 4 1 1 1 2 1 316 
52 21 2 0.0000001271 2015.6250000000 32917  28 2 2 1 1 2 1 16 4 1 1 1 2 1 316 
53 21 2 0.0000001271 2015.6250000000 32917  28 2 2 1 1 2 1 16 4 1 1 1 2 1 316 
54 21 2 0.0000001271 2015.6250000000 6800  28 2 2 1 1 2 1 3 4 1 1 1 2 1 316 
55 21 2 0.0000001271 2015.6250000000 92305  28 2 2 1 1 2 1 16 4 1 1 1 2 1 922 
56 21 2 0.0000001271 2015.6250000000 92305  28 2 2 1 1 2 1 16 4 1 1 1 2 1 922 
57 21 2 0.0000001271 2015.6250000000 92305  28 2 2 1 1 2 1 16 4 1 1 1 2 1 922 
58 21 2 0.0000001271 2015.6250000000 32917  28 2 2 1 1 2 1 16 4 1 1 1 2 1 316 
59 21 2 0.0000001271 2015.6250000000 32917  28 2 2 1 1 2 1 16 4 1 1 1 2 1 316 
60 21 2 0.0000001271 2015.6250000000 32917  28 2 2 1 1 2 1 16 4 1 1 1 2 1 316 
61 21 2 0.0000001271 2015.6250000000 32917  28 2 2 1 1 2 1 16 4 1 1 1 2 1 316 
62 21 2 0.0000001271 2015.6250000000 179574  28 2 2 1 1 2 1 89 4 1 1 1 2 1 316 
63 21 2 0.0000001271 2015.6250000000 32917  28 2 2 1 1 2 1 16 4 1 1 1 2 1 316 
64 21 2 0.0000001271 2015.6250000000 32779  26 2 2 1 1 2 1 16 4 1 1 1 2 1 316 
65 21 2 0.0000001271 2015.6250000000 32917  28 2 2 1 1 2 1 16 4 1 1 1 2 1 316 
66 21 2 0.0000001271 2015.6250000000 32917  28 2 2 1 1 2 1 16 4 1 1 1 2 1 316 
67 21 2 0.0000001271 2015.6250000000 12693  28 2 2 1 1 4 1 16 4 1 1 1 2 1 316 
68 21 2 0.0000001271 2015.6250000000 32917  28 2 2 1 1 2 1 16 4 1 1 1 2 1 316 
69 21 2 0.0000001271 2015.6250000000 32917  28 2 2 1 1 2 1 16 4 1 1 1 2 1 316 
70 21 2 0.0000001271 2015.6250000000 32917  28 2 2 1 1 2 1 16 4 1 1 1 2 1 316 
71 21 2 0.0000001271 2015.6250000000 12693  28 2 2 1 1 4 1 16 4 1 1 1 2 1 316 
72 21 2 0.0000001271 2015.6250000000 32917  28 2 2 1 1 2 1 16 4 1 1 1 2 1 316 
73 21 2 0.0000001271 2015.6250000000 32917  28 2 2 1 1 2 1 16 4 1 1 1 2 1 316 
74 21 2 0.0000001271 2015.6250000000 32917  28 2 2 1 1 2 1 16 4 1 1 1 2 1 316 
75 21 2 0.0000001271 2015.6250000000 32917  28 2 2 1 1 2 1 16 4 1 1 1 2 1 316 
76 21 2 0.0000001271 2015.6250000000 32917  28 2 2 1 1 2 1 16 4 1 1 1 2 1 316 
77 21 2 0.0000001271 2015.6250000000 35759  28 2 2 1 1 2 1 16 4 1 1 1 2 1 345 
78 21 2 0.0000001271 2015.6250000000 87160  28 2 2 1 1 2 1 43 4 1 1 1 2 1 316 
79 21 2 0.0000001271 2015.6250000000 87160  28 2 2 1 1 2 1 43 4 1 1 1 2 1 316 
80 21 2 0.0000001271 2015.6250000000 87160  28 2 2 1 1 2 1 43 4 1 1 1 2 1 316 
81 21 2 0.0000001271 2015.6250000000 48095  28 2 2 1 1 4 1 66 3 1 1 1 2 1 316 
82 21 2 0.0000001271 2015.6250000000 31882  13 2 2 1 1 2 1 16 4 1 1 1 2 1 316 
83 21 2 0.0000001271 2015.6250000000 28029  28 5 2 1 1 2 1 16 4 1 1 1 2 1 316 
84 21 2 0.0000001271 2015.6250000000 28029  28 5 2 1 1 2 1 16 4 1 1 1 2 1 316 
85 21 2 0.0000001271 2015.6250000000 32917  28 2 2 1 1 2 1 16 4 1 1 1 2 1 316 
86 21 2 0.0000001271 2015.6250000000 32917  28 2 2 1 1 2 1 16 4 1 1 1 2 1 316 
87 21 2 0.0000001271 2015.6250000000 17749  28 2 2 1 1 3 1 16 4 1 1 1 2 1 316 
88 21 2 0.0000001271 2015.6250000000 148198  11 2 2 1 1 2 1 66 2 1 1 1 2 1 316 
89 21 2 0.0000001271 2015.6250000000 31330  5 2 2 1 1 2 1 16 4 1 1 1 2 1 316 
90 21 2 0.0000001271 2015.6250000000 17749  28 2 2 1 1 2 1 16 4 1 1 1 4 1 316 
91 21 2 0.0000001271 2015.6250000000 179574  28 2 2 1 1 2 1 89 4 1 1 1 2 1 316 
92 21 2 0.0000001271 2015.6250000000 179574  28 2 2 1 1 2 1 89 4 1 1 1 2 1 316 
93 21 2 0.0000001271 2015.6250000000 79262  28 2 2 1 1 2 1 57 4 1 1 1 3 1 316 
94 21 2 0.0000001271 2015.6250000000 32917  28 2 2 1 1 2 1 16 4 1 1 1 2 1 316 
95 21 2 0.0000001271 2015.6250000000 103232  28 2 2 1 1 2 1 51 4 1 1 1 2 1 316 
96 21 2 0.0000001271 2015.6250000000 103232  28 2 2 1 1 2 1 51 4 1 1 1 2 1 316 
97 21 2 0.0000001271 2015.6250000000 17301  28 2 2 1 1 2 1 16 3 1 1 1 4 1 316 
98 21 2 0.0000001271 2015.6250000000 32469  28 2 2 1 1 2 1 16 3 1 1 1 2 1 316 
99 21 2 0.0000001271 2015.6250000000 32917  28 2 2 1 1 2 1 16 4 1 1 1 2 1 316 
