0 0.0002098581 3328.1250000000
0 0 3 0.0000270766 2171.8750000000 29665  25 2 1 1 17 1 1 1 549 
1 0 3 0.0000270766 2171.8750000000 29665  25 2 1 1 17 1 1 1 549 
2 0 3 0.0000270766 2171.8750000000 29665  25 2 1 1 17 1 1 1 549 
3 0 3 0.0000270766 2171.8750000000 29665  25 2 1 1 17 1 1 1 549 
4 0 3 0.0000270766 2171.8750000000 29951  38 2 1 1 17 1 1 1 549 
5 0 3 0.0000270766 2171.8750000000 104330  38 2 1 1 83 1 1 1 402 
6 6 4 0.0000041456 1843.7500000000 2476  25 2 1 1 17 1 1 1 36 
7 6 4 0.0000041456 1843.7500000000 2476  25 2 1 1 17 1 1 1 36 
8 6 4 0.0000041456 1843.7500000000 2476  25 2 1 1 17 1 1 1 36 
9 6 4 0.0000041456 1843.7500000000 44028  25 2 1 1 17 1 1 1 820 
10 6 4 0.0000041456 1843.7500000000 2476  25 2 1 1 17 1 1 1 36 
11 6 4 0.0000041456 1843.7500000000 2476  25 2 1 1 17 1 1 1 36 
12 6 4 0.0000041456 1843.7500000000 2476  25 2 1 1 17 1 1 1 36 
13 6 4 0.0000041456 1843.7500000000 2476  25 2 1 1 17 1 1 1 36 
14 6 4 0.0000041456 1843.7500000000 2124  9 2 1 1 17 1 1 1 36 
15 6 4 0.0000041456 1843.7500000000 2476  25 2 1 1 17 1 1 1 36 
16 6 4 0.0000041456 1843.7500000000 50971  25 2 1 1 17 1 1 1 951 
17 6 4 0.0000041456 1843.7500000000 50971  25 2 1 1 17 1 1 1 951 
18 6 4 0.0000041456 1843.7500000000 2476  25 2 1 1 17 1 1 1 36 
19 6 4 0.0000041456 1843.7500000000 2476  25 2 1 1 17 1 1 1 36 
20 6 4 0.0000041456 1843.7500000000 2476  25 2 1 1 17 1 1 1 36 
21 6 4 0.0000041456 1843.7500000000 2476  25 2 1 1 17 1 1 1 36 
22 6 4 0.0000041456 1843.7500000000 2476  25 2 1 1 17 1 1 1 36 
23 6 4 0.0000041456 1843.7500000000 2476  25 2 1 1 17 1 1 1 36 
24 6 4 0.0000041456 1843.7500000000 2168  11 2 1 1 17 1 1 1 36 
25 6 4 0.0000041456 1843.7500000000 2476  25 2 1 1 17 1 1 1 36 
26 6 4 0.0000041456 1843.7500000000 2476  25 2 1 1 17 1 1 1 36 
27 6 4 0.0000041456 1843.7500000000 2058  6 2 1 1 17 1 1 1 36 
28 6 4 0.0000041456 1843.7500000000 2388  21 2 1 1 17 1 1 1 36 
29 6 4 0.0000041456 1843.7500000000 2388  21 2 1 1 17 1 1 1 36 
30 6 4 0.0000041456 1843.7500000000 2476  25 2 1 1 17 1 1 1 36 
31 6 4 0.0000041456 1843.7500000000 2476  25 2 1 1 17 1 1 1 36 
32 6 4 0.0000041456 1843.7500000000 2476  25 2 1 1 17 1 1 1 36 
33 6 4 0.0000041456 1843.7500000000 2476  25 2 1 1 17 1 1 1 36 
34 6 4 0.0000041456 1843.7500000000 2476  25 2 1 1 17 1 1 1 36 
35 6 4 0.0000041456 1843.7500000000 2476  25 2 1 1 17 1 1 1 36 
36 6 4 0.0000041456 1843.7500000000 2476  25 2 1 1 17 1 1 1 36 
37 6 4 0.0000041456 1843.7500000000 2476  25 2 1 1 17 1 1 1 36 
38 6 4 0.0000041456 1843.7500000000 9631  25 2 1 1 17 1 1 1 171 
39 6 4 0.0000041456 1843.7500000000 2476  25 2 1 1 17 1 1 1 36 
40 6 4 0.0000041456 1843.7500000000 2476  25 2 1 1 17 1 1 1 36 
41 6 4 0.0000041456 1843.7500000000 2960  47 2 1 1 17 1 1 1 36 
42 6 4 0.0000041456 1843.7500000000 2476  25 2 1 1 17 1 1 1 36 
43 6 4 0.0000041456 1843.7500000000 2476  25 2 1 1 17 1 1 1 36 
44 6 4 0.0000041456 1843.7500000000 2476  25 2 1 1 17 1 1 1 36 
45 6 4 0.0000041456 1843.7500000000 2476  25 2 1 1 17 1 1 1 36 
46 6 4 0.0000041456 1843.7500000000 7702  25 2 1 1 56 1 1 1 36 
47 6 4 0.0000041456 1843.7500000000 2476  25 2 1 1 17 1 1 1 36 
48 6 4 0.0000041456 1843.7500000000 2476  25 2 1 1 17 1 1 1 36 
49 6 4 0.0000041456 1843.7500000000 2476  25 2 1 1 17 1 1 1 36 
50 6 4 0.0000041456 1843.7500000000 2476  25 2 1 1 17 1 1 1 36 
51 6 4 0.0000041456 1843.7500000000 2476  25 2 1 1 17 1 1 1 36 
52 6 4 0.0000041456 1843.7500000000 2476  25 2 1 1 17 1 1 1 36 
53 6 4 0.0000041456 1843.7500000000 203567  25 2 1 1 85 1 1 1 783 
54 6 4 0.0000041456 1843.7500000000 2476  25 2 1 1 17 1 1 1 36 
55 6 4 0.0000041456 1843.7500000000 5762  25 2 1 1 17 1 1 1 98 
56 6 4 0.0000041456 1843.7500000000 26697  25 2 1 1 17 1 1 1 493 
57 6 4 0.0000041456 1843.7500000000 2476  25 2 1 1 17 1 1 1 36 
58 6 4 0.0000041456 1843.7500000000 2476  25 2 1 1 17 1 1 1 36 
59 6 4 0.0000041456 1843.7500000000 2476  25 2 1 1 17 1 1 1 36 
60 6 4 0.0000041456 1843.7500000000 2476  25 2 1 1 17 1 1 1 36 
61 6 4 0.0000041456 1843.7500000000 2476  25 2 1 1 17 1 1 1 36 
62 6 4 0.0000041456 1843.7500000000 2476  25 2 1 1 17 1 1 1 36 
63 6 4 0.0000041456 1843.7500000000 2476  25 2 1 1 17 1 1 1 36 
64 6 4 0.0000041456 1843.7500000000 2476  25 2 1 1 17 1 1 1 36 
65 6 4 0.0000041456 1843.7500000000 2476  25 2 1 1 17 1 1 1 36 
66 6 4 0.0000041456 1843.7500000000 2476  25 2 1 1 17 1 1 1 36 
67 6 4 0.0000041456 1843.7500000000 2476  25 2 1 1 17 1 1 1 36 
68 6 4 0.0000041456 1843.7500000000 10784  25 2 1 1 79 1 1 1 36 
69 69 0 0.0000022637 796.8750000000 2168  11 2 1 1 17 1 1 1 36 
70 69 0 0.0000022637 796.8750000000 2168  11 2 1 1 17 1 1 1 36 
71 69 0 0.0000022637 796.8750000000 2366  20 2 1 1 17 1 1 1 36 
72 69 0 0.0000022637 796.8750000000 2366  20 2 1 1 17 1 1 1 36 
73 69 0 0.0000022637 796.8750000000 9968  11 2 1 1 82 1 1 1 36 
74 69 0 0.0000022637 796.8750000000 2168  11 2 1 1 17 1 1 1 36 
75 69 0 0.0000022637 796.8750000000 2168  11 2 1 1 17 1 1 1 36 
76 69 0 0.0000022637 796.8750000000 2168  11 2 1 1 17 1 1 1 36 
77 69 0 0.0000022637 796.8750000000 2168  11 2 1 1 17 1 1 1 36 
78 69 0 0.0000022637 796.8750000000 2168  11 2 1 1 17 1 1 1 36 
79 69 0 0.0000011647 1359.3750000000 2168  11 2 1 1 17 1 1 1 36 
80 69 0 0.0000011647 1359.3750000000 2168  11 2 1 1 17 1 1 1 36 
81 69 0 0.0000011647 1359.3750000000 2168  11 2 1 1 17 1 1 1 36 
82 69 0 0.0000011647 1359.3750000000 2168  11 2 1 1 17 1 1 1 36 
83 69 0 0.0000011647 1359.3750000000 2168  11 2 1 1 17 1 1 1 36 
84 69 0 0.0000011647 1359.3750000000 6488  11 2 1 1 53 1 1 1 36 
85 69 0 0.0000011647 1359.3750000000 2168  11 2 1 1 17 1 1 1 36 
86 69 0 0.0000011647 1359.3750000000 2740  37 2 1 1 17 1 1 1 36 
87 69 0 0.0000011647 1359.3750000000 2168  11 2 1 1 17 1 1 1 36 
88 69 0 0.0000011647 1359.3750000000 2454  24 2 1 1 17 1 1 1 36 
89 69 0 0.0000011647 1359.3750000000 2168  11 2 1 1 17 1 1 1 36 
90 69 0 0.0000011647 1359.3750000000 3008  11 2 1 1 24 1 1 1 36 
91 69 0 0.0000011647 1359.3750000000 2410  22 2 1 1 17 1 1 1 36 
92 69 0 0.0000011647 1359.3750000000 40323  18 2 1 1 17 1 1 1 753 
93 69 0 0.0000011647 1359.3750000000 40169  11 2 1 1 17 1 1 1 753 
94 69 0 0.0000011647 1359.3750000000 631  11 2 1 1 17 1 1 1 7 
95 69 0 0.0000011647 1359.3750000000 2168  11 2 1 1 17 1 1 1 36 
96 69 0 0.0000011647 1359.3750000000 2168  11 2 1 1 17 1 1 1 36 
97 69 0 0.0000011647 1359.3750000000 24852  11 2 1 1 17 1 1 1 464 
98 69 0 0.0000011647 1359.3750000000 69780  11 2 1 1 49 1 1 1 464 
99 69 0 0.0000011647 1359.3750000000 135768  11 2 1 1 96 1 1 1 464 
