DB1 MSE
0 0.0000000422 4031.2500000000
0 0 6 0.0000000070 2531.2500000000 189839  24 2 1 1 89 1 1 1 697 
1 0 6 0.0000000070 2531.2500000000 189839  24 2 1 1 89 1 1 1 697 
2 2 3 0.0000000068 2140.6250000000 177143  24 2 1 1 83 1 1 1 697 
3 2 3 0.0000000068 2140.6250000000 74720  24 2 1 1 85 1 1 1 282 
4 2 3 0.0000000068 2140.6250000000 177143  24 2 1 1 83 1 1 1 697 
5 2 3 0.0000000068 2140.6250000000 64695  24 2 1 1 83 1 1 1 249 
6 2 3 0.0000000068 2140.6250000000 177143  24 2 1 1 83 1 1 1 697 
7 2 3 0.0000000068 2140.6250000000 177143  24 2 1 1 83 1 1 1 697 
8 2 3 0.0000000068 2140.6250000000 177143  24 2 1 1 83 1 1 1 697 
9 2 3 0.0000000068 2140.6250000000 177143  24 2 1 1 83 1 1 1 697 
10 2 3 0.0000000068 2140.6250000000 176439  16 2 1 1 83 1 1 1 697 
11 2 3 0.0000000068 2140.6250000000 177143  24 2 1 1 83 1 1 1 697 
12 2 3 0.0000000068 2140.6250000000 31139  24 2 1 1 14 1 1 1 697 
13 2 3 0.0000000068 2140.6250000000 177143  24 2 1 1 83 1 1 1 697 
14 2 3 0.0000000068 2140.6250000000 177143  24 2 1 1 83 1 1 1 697 
15 15 8 0.0000000059 890.6250000000 200134  20 2 1 1 83 1 1 1 790 
16 16 2 0.0000000058 1859.3750000000 177143  24 2 1 1 83 1 1 1 697 
17 16 2 0.0000000058 1859.3750000000 134823  24 2 1 1 63 1 1 1 697 
18 16 2 0.0000000058 1859.3750000000 134823  24 2 1 1 63 1 1 1 697 
19 16 2 0.0000000058 1859.3750000000 177143  24 2 1 1 83 1 1 1 697 
1 0.0000000091 1921.8750000000
0 0 5 0.0000000051 1734.3750000000 188337  2 2 1 1 88 1 1 1 707 
1 0 5 0.0000000051 1734.3750000000 80341  2 2 1 1 88 1 1 1 301 
2 0 5 0.0000000051 1734.3750000000 188337  2 2 1 1 88 1 1 1 707 
3 0 5 0.0000000051 1734.3750000000 188337  2 2 1 1 88 1 1 1 707 
4 0 5 0.0000000051 1734.3750000000 188337  2 2 1 1 88 1 1 1 707 
5 0 5 0.0000000051 1734.3750000000 173469  2 2 1 1 81 1 1 1 707 
6 0 5 0.0000000051 1734.3750000000 188337  2 2 1 1 88 1 1 1 707 
7 0 5 0.0000000051 1734.3750000000 188337  2 2 1 1 88 1 1 1 707 
8 0 5 0.0000000051 1734.3750000000 85395  2 2 1 1 88 1 1 1 320 
9 0 5 0.0000000051 1734.3750000000 85395  2 2 1 1 88 1 1 1 320 
10 0 5 0.0000000051 1734.3750000000 188337  2 2 1 1 88 1 1 1 707 
11 0 5 0.0000000051 1734.3750000000 188337  2 2 1 1 88 1 1 1 707 
12 0 5 0.0000000051 1734.3750000000 16501  2 2 1 1 88 1 1 1 61 
13 0 5 0.0000000051 1734.3750000000 16501  2 2 1 1 88 1 1 1 61 
14 0 5 0.0000000051 1734.3750000000 29801  2 2 1 1 88 1 1 1 111 
15 0 5 0.0000000051 1734.3750000000 133807  2 2 1 1 88 1 1 1 502 
16 0 5 0.0000000051 1734.3750000000 133807  2 2 1 1 88 1 1 1 502 
17 0 5 0.0000000051 1734.3750000000 133807  2 2 1 1 88 1 1 1 502 
18 0 5 0.0000000051 1734.3750000000 188337  2 2 1 1 88 1 1 1 707 
19 0 5 0.0000000051 1734.3750000000 188337  2 2 1 1 88 1 1 1 707 