0 15317903923882766336.0000000000 6984.3750000000
0 0 5 11355531509889400832.0000000000 6109.3750000000 528454  21 2 1 300 88 44 24 
0 0.0000000035 11015.6250000000
0 0 4 0.0000000030 5390.6250000000 587127  4 2 1 238 200 20 25 
1 1 8 0.0000000025 4484.3750000000 396763  4 3 1 118 232 50 25 
2 1 8 0.0000000025 4484.3750000000 395879  4 3 1 118 232 50 8 
3 1 8 0.0000000025 4484.3750000000 411207  36 3 1 118 232 50 8 
4 1 8 0.0000000025 4484.3750000000 412091  36 3 1 118 232 50 25 
5 1 8 0.0000000025 4484.3750000000 119149  4 3 1 118 73 50 25 
6 1 8 0.0000000025 4484.3750000000 397075  4 3 1 118 232 50 31 
7 1 8 0.0000000025 4484.3750000000 72943  4 3 1 118 22 50 25 
8 1 8 0.0000000025 4484.3750000000 396763  4 3 1 118 232 50 25 
9 1 8 0.0000000025 4484.3750000000 392119  4 3 1 118 232 32 25 
10 1 8 0.0000000025 7218.7500000000 396763  4 3 1 118 232 50 25 
11 1 8 0.0000000025 7218.7500000000 396763  4 3 1 118 232 50 25 
12 1 8 0.0000000025 7218.7500000000 396763  4 3 1 118 232 50 25 
13 1 8 0.0000000025 7218.7500000000 407780  27 3 1 118 232 50 25 
14 1 8 0.0000000025 7218.7500000000 407780  27 3 1 118 232 50 25 
15 1 8 0.0000000025 7218.7500000000 407780  27 3 1 118 232 50 25 
16 1 8 0.0000000025 7218.7500000000 396763  4 3 1 118 232 50 25 
17 1 8 0.0000000025 7218.7500000000 396547  4 2 1 118 232 50 21 
18 1 8 0.0000000025 7218.7500000000 391861  4 3 1 118 232 31 25 
19 1 8 0.0000000025 7218.7500000000 396763  4 3 1 118 232 50 25 
