0 0.0000000306 3812.5000000000
0 0 8 0.0000000037 1156.2500000000 133496  26 2 1 1 85 1 1 1 510 
1 1 0 0.0000000028 1109.3750000000 69659  26 2 1 1 44 1 1 1 510 
2 1 0 0.0000000028 1109.3750000000 69659  26 2 1 1 44 1 1 1 510 
3 1 0 0.0000000028 1109.3750000000 17801  26 2 1 1 44 1 1 1 123 
4 1 0 0.0000000028 1109.3750000000 69659  26 2 1 1 44 1 1 1 510 
5 1 0 0.0000000028 1109.3750000000 156851  26 2 1 1 100 1 1 1 510 
6 1 0 0.0000000028 1109.3750000000 156851  26 2 1 1 100 1 1 1 510 
7 1 0 0.0000000028 1109.3750000000 69659  26 2 1 1 44 1 1 1 510 
8 1 0 0.0000000028 1109.3750000000 69659  26 2 1 1 44 1 1 1 510 
9 1 0 0.0000000028 1109.3750000000 69659  26 2 1 1 44 1 1 1 510 
10 1 0 0.0000000028 1109.3750000000 36829  26 2 1 1 44 1 1 1 265 
11 1 0 0.0000000028 1109.3750000000 69659  26 2 1 1 44 1 1 1 510 
12 1 0 0.0000000028 1109.3750000000 69659  26 2 1 1 44 1 1 1 510 
13 1 0 0.0000000028 1109.3750000000 69659  26 2 1 1 44 1 1 1 510 
14 1 0 0.0000000028 1109.3750000000 69659  26 2 1 1 44 1 1 1 510 
15 1 0 0.0000000028 1109.3750000000 155294  26 2 1 1 99 1 1 1 510 
16 1 0 0.0000000028 1109.3750000000 59341  26 2 1 1 44 1 1 1 433 
17 1 0 0.0000000028 1109.3750000000 99242  26 2 1 1 63 1 1 1 510 
18 1 0 0.0000000028 1109.3750000000 69659  26 2 1 1 44 1 1 1 510 
19 1 0 0.0000000028 1109.3750000000 113255  26 2 1 1 72 1 1 1 510 
