0 0.0263640328 4171.8750000000
0 0 3 0.0145463503 1703.1250000000 32529  44 7 2 1 1 2 1 47 2 1 1 1 1 1 565 
1 1 4 0.0083928180 2328.1250000000 27203  44 6 2 1 1 4 1 38 1 1 1 1 1 1 623 
2 1 4 0.0083928180 2328.1250000000 27203  44 6 2 1 1 4 1 38 1 1 1 1 1 1 623 
3 1 4 0.0053360243 1843.7500000000 27614  45 10 2 1 1 1 1 38 1 1 1 1 1 1 623 
4 1 4 0.0053360243 1843.7500000000 27614  45 10 2 1 1 1 1 38 1 1 1 1 1 1 623 
5 1 4 0.0053360243 1843.7500000000 27614  45 10 2 1 1 1 1 38 1 1 1 1 1 1 623 
6 1 4 0.0053360243 1843.7500000000 25018  1 10 2 1 1 1 1 38 1 1 1 1 1 1 623 
7 7 1 0.0050771313 1093.7500000000 98366  45 7 2 1 1 1 1 38 1 1 1 1 1 1 623 
8 7 1 0.0050771313 1093.7500000000 75666  45 7 2 1 1 2 1 38 1 1 1 1 1 1 939 
9 7 1 0.0050771313 1093.7500000000 97518  29 7 2 1 1 1 1 38 1 1 1 1 1 1 623 
10 7 1 0.0050771313 1093.7500000000 11288  45 7 2 1 1 4 1 14 1 1 1 1 1 1 623 
11 7 1 0.0050771313 1093.7500000000 27344  45 7 2 1 1 4 1 38 1 1 1 1 1 1 623 
12 7 1 0.0028482518 1562.5000000000 27344  45 7 2 1 1 4 1 38 1 1 1 1 1 1 623 
13 7 1 0.0023171963 1875.0000000000 27344  45 7 2 1 1 4 1 38 1 1 1 1 1 1 623 
14 7 1 0.0023171963 1875.0000000000 27074  45 4 2 1 1 4 1 38 1 1 1 1 1 1 623 
15 7 1 0.0023171963 1875.0000000000 27344  45 7 2 1 1 4 1 38 1 1 1 1 1 1 623 
16 7 1 0.0023171963 1875.0000000000 27344  45 7 2 1 1 4 1 38 1 1 1 1 1 1 623 
17 7 1 0.0023171963 1875.0000000000 27344  45 7 2 1 1 4 1 38 1 1 1 1 1 1 623 
18 7 1 0.0023171963 1875.0000000000 27524  45 9 2 1 1 2 1 38 1 1 1 1 1 1 623 
19 19 3 0.0021051671 1671.8750000000 24308  45 3 2 1 1 4 1 34 1 1 1 1 2 1 623 
20 20 1 0.0018005317 1375.0000000000 23198  15 7 2 1 1 4 1 34 1 1 1 1 1 1 623 
21 20 1 0.0018005317 1375.0000000000 23198  15 7 2 1 1 4 1 34 1 1 1 1 1 1 623 
22 20 1 0.0018005317 1375.0000000000 23198  15 7 2 1 1 4 1 34 1 1 1 1 1 1 623 
23 20 1 0.0018005317 1375.0000000000 24325  38 7 2 1 1 4 1 34 1 1 1 1 1 1 623 
24 20 1 0.0018005317 1375.0000000000 23198  15 7 2 1 1 4 1 34 1 1 1 1 1 1 623 
25 20 1 0.0018005317 1375.0000000000 22806  7 7 2 1 1 4 1 34 1 1 1 1 1 1 623 
26 20 1 0.0018005317 1375.0000000000 23108  15 4 2 1 1 4 1 34 1 1 1 1 1 1 623 
27 20 1 0.0018005317 1375.0000000000 23198  15 7 2 1 1 4 1 34 1 1 1 1 1 1 623 
28 20 1 0.0018005317 1375.0000000000 23198  15 7 2 1 1 4 1 34 1 1 1 1 1 1 623 
29 20 1 0.0018005317 1375.0000000000 9050  15 7 2 1 1 4 1 34 1 1 1 1 1 1 230 
30 20 1 0.0018005317 1375.0000000000 13724  15 7 2 1 1 4 1 53 1 1 1 1 1 1 230 
31 20 1 0.0018005317 1375.0000000000 23198  15 7 2 1 1 4 1 34 1 1 1 1 1 1 623 
32 20 1 0.0018005317 1375.0000000000 23198  15 7 2 1 1 4 1 34 1 1 1 1 1 1 623 
33 20 1 0.0018005317 1375.0000000000 23198  15 7 2 1 1 4 1 34 1 1 1 1 1 1 623 
34 20 1 0.0018005317 1375.0000000000 23198  15 7 2 1 1 4 1 34 1 1 1 1 1 1 623 
35 20 1 0.0018005317 1375.0000000000 23198  15 7 2 1 1 4 1 34 1 1 1 1 1 1 623 
36 20 1 0.0018005317 1375.0000000000 23198  15 7 2 1 1 4 1 34 1 1 1 1 1 1 623 
37 20 1 0.0018005317 1375.0000000000 23198  15 7 2 1 1 4 1 34 1 1 1 1 1 1 623 
38 20 1 0.0018005317 1375.0000000000 23198  15 7 2 1 1 4 1 34 1 1 1 1 1 1 623 
39 20 1 0.0018005317 1375.0000000000 23198  15 7 2 1 1 4 1 34 1 1 1 1 1 1 623 
40 20 1 0.0018005317 1375.0000000000 23198  15 7 2 1 1 2 1 34 1 1 1 1 2 1 623 
41 20 1 0.0018005317 1375.0000000000 23198  15 7 2 1 1 4 1 34 1 1 1 1 1 1 623 
42 20 1 0.0018005317 1375.0000000000 23198  15 7 2 1 1 4 1 34 1 1 1 1 1 1 623 
43 20 1 0.0018005317 1375.0000000000 23631  16 2 2 1 1 4 1 34 2 1 1 1 1 1 623 
44 20 1 0.0018005317 1375.0000000000 22538  15 3 2 1 1 4 1 34 1 1 1 1 2 1 608 
45 20 1 0.0018005317 1375.0000000000 23198  15 7 2 1 1 4 1 34 1 1 1 1 1 1 623 
46 20 1 0.0018005317 1375.0000000000 23198  15 7 2 1 1 4 1 34 1 1 1 1 1 1 623 
47 20 1 0.0018005317 1375.0000000000 23198  15 7 2 1 1 4 1 34 1 1 1 1 1 1 623 
48 20 1 0.0018005317 1375.0000000000 23198  15 7 2 1 1 4 1 34 1 1 1 1 1 1 623 
49 20 1 0.0018005317 1375.0000000000 23198  15 7 2 1 1 4 1 34 1 1 1 1 1 1 623 
50 20 1 0.0018005317 1375.0000000000 15170  15 7 2 1 1 4 1 34 1 1 1 1 1 1 400 
51 20 1 0.0018005317 1375.0000000000 23198  15 7 2 1 1 3 1 34 1 1 1 1 1 1 623 
52 20 1 0.0018005317 1375.0000000000 23198  15 7 2 1 1 4 1 34 1 1 1 1 1 1 623 
53 20 1 0.0018005317 1375.0000000000 47562  31 7 2 1 1 4 1 70 1 1 1 1 1 1 623 
54 20 1 0.0018005317 1375.0000000000 68082  31 7 2 1 1 4 1 70 1 1 1 1 1 1 908 
55 20 1 0.0018005317 1375.0000000000 23198  15 7 2 1 1 4 1 34 1 1 1 1 1 1 623 
56 20 1 0.0018005317 1375.0000000000 44380  15 7 2 1 1 2 1 34 1 1 1 1 1 1 623 
57 20 1 0.0018005317 1375.0000000000 44380  15 7 2 1 1 2 1 34 1 1 1 1 1 1 623 
58 20 1 0.0018005317 1375.0000000000 44723  22 7 2 1 1 2 1 34 1 1 1 1 1 1 623 
59 20 1 0.0018005317 1375.0000000000 23198  15 7 2 1 1 4 1 34 1 1 1 1 1 1 623 
60 20 1 0.0018005317 1375.0000000000 23198  15 7 2 1 1 4 1 34 1 1 1 1 1 1 623 
61 20 1 0.0018005317 1375.0000000000 23198  15 7 2 1 1 4 1 34 1 1 1 1 1 1 623 
62 20 1 0.0018005317 1375.0000000000 23198  15 7 2 1 1 4 1 34 1 1 1 1 1 1 623 
63 20 1 0.0018005317 1375.0000000000 23198  15 7 2 1 1 4 1 34 1 1 1 1 1 1 623 
64 20 1 0.0018005317 1375.0000000000 23198  15 7 2 1 1 4 1 34 1 1 1 1 1 1 623 
65 20 1 0.0018005317 1375.0000000000 23198  15 7 2 1 1 4 1 34 1 1 1 1 1 1 623 
66 20 1 0.0018005317 1375.0000000000 23198  15 7 2 1 1 4 1 34 1 1 1 1 1 1 623 
67 20 1 0.0018005317 1375.0000000000 23198  15 7 2 1 1 4 1 34 1 1 1 1 1 1 623 
68 20 1 0.0018005317 1375.0000000000 25790  15 7 2 1 1 4 1 34 1 1 1 1 1 1 695 
69 20 1 0.0018005317 1375.0000000000 20044  5 7 2 1 1 4 1 34 1 1 1 1 1 1 549 
70 20 1 0.0018005317 1375.0000000000 22708  5 7 2 1 1 4 1 34 1 1 1 1 1 1 623 
71 20 1 0.0018005317 1375.0000000000 31744  5 7 2 1 1 4 1 34 1 1 1 1 1 1 874 
72 20 1 0.0018005317 1375.0000000000 14378  15 7 2 1 1 4 1 34 1 1 1 1 1 1 378 
73 20 1 0.0018005317 1375.0000000000 35654  15 7 2 1 1 4 1 88 1 1 1 1 1 1 378 
74 20 1 0.0018005317 1375.0000000000 31550  15 7 2 1 1 4 1 34 1 1 1 1 1 1 855 
75 20 1 0.0018005317 1375.0000000000 1976  15 7 2 1 1 4 1 25 1 1 1 1 1 1 50 
76 20 1 0.0018005317 1375.0000000000 17447  15 7 2 1 1 4 1 25 1 1 1 1 1 1 623 
77 20 1 0.0018005317 1375.0000000000 23198  15 7 2 1 1 4 1 34 1 1 1 1 1 1 623 
78 20 1 0.0018005317 1375.0000000000 23198  15 7 2 1 1 3 1 34 1 1 1 1 1 1 623 
79 20 1 0.0018005317 1375.0000000000 23198  15 7 2 1 1 4 1 34 1 1 1 1 1 1 623 
80 20 1 0.0018005317 1375.0000000000 23198  15 7 2 1 1 4 1 34 1 1 1 1 1 1 623 
81 20 1 0.0018005317 1375.0000000000 23198  15 7 2 1 1 4 1 34 1 1 1 1 1 1 623 
82 20 1 0.0018005317 1375.0000000000 51953  15 7 2 1 1 4 1 79 1 1 1 1 1 1 623 
83 20 1 0.0018005317 1375.0000000000 4226  15 7 2 1 1 4 1 34 1 1 1 1 1 1 96 
84 20 1 0.0018005317 1375.0000000000 24423  40 7 2 1 1 4 1 34 1 1 1 1 1 1 623 
85 20 1 0.0018005317 1375.0000000000 23394  19 7 2 1 1 4 1 34 1 1 1 1 1 1 623 
86 20 1 0.0018005317 1375.0000000000 44380  15 7 2 1 1 2 1 34 1 1 1 1 1 1 623 
87 20 1 0.0018005317 1375.0000000000 44380  15 7 2 1 1 2 1 34 1 1 1 1 1 1 623 
88 20 1 0.0018005317 1375.0000000000 24619  44 7 2 1 1 3 1 34 1 1 1 1 1 1 623 
89 20 1 0.0018005317 1375.0000000000 23198  15 7 2 1 1 4 1 34 1 1 1 1 1 1 623 
90 20 1 0.0018005317 1375.0000000000 23108  15 4 2 1 1 4 1 34 1 1 1 1 1 1 623 
91 20 1 0.0018005317 1375.0000000000 23198  15 7 2 1 1 4 1 34 1 1 1 1 1 1 623 
92 20 1 0.0018005317 1375.0000000000 44380  15 7 2 1 1 2 1 34 1 1 1 1 1 1 623 
93 20 1 0.0018005317 1375.0000000000 23288  15 10 2 1 1 1 1 34 1 1 1 1 1 1 623 
94 20 1 0.0018005317 1375.0000000000 23198  15 7 2 1 1 4 1 34 1 1 1 1 1 1 623 
95 20 1 0.0018005317 1375.0000000000 13118  15 7 2 1 1 4 1 34 1 1 1 1 1 1 343 
96 20 1 0.0018005317 1375.0000000000 21170  15 9 2 1 1 2 1 34 1 1 1 1 1 1 565 
97 20 1 0.0018005317 1375.0000000000 23198  15 7 2 1 1 4 1 34 1 1 1 1 1 1 623 
98 20 1 0.0018005317 1375.0000000000 20642  15 7 2 1 1 4 1 34 1 1 1 1 1 1 552 
99 20 1 0.0018005317 1375.0000000000 20642  15 7 2 1 1 4 1 34 1 1 1 1 1 1 552 
