0 0.0033073712 5000.0000000000
0 0 0 0.0029885362 1250.0000000000 251281  8 2 1 1 89 1 1 1 931 
1 1 2 0.0021318742 1250.0000000000 78207  4 2 1 1 89 1 1 1 289 
2 2 0 0.0018070569 765.6250000000 170023  8 2 1 1 60 1 1 1 931 
3 3 4 0.0002207466 1125.0000000000 3986  24 2 1 1 5 1 1 1 220 
4 3 4 0.0002207466 1125.0000000000 3986  24 2 1 1 5 1 1 1 220 
5 3 4 0.0002207466 1125.0000000000 3986  24 2 1 1 5 1 1 1 220 
6 6 0 0.0001462508 1750.0000000000 3826  8 2 1 1 5 1 1 1 220 
7 7 2 0.0000425355 1406.2500000000 15913  8 2 1 1 5 1 1 1 931 
8 7 2 0.0000425355 1406.2500000000 15913  8 2 1 1 5 1 1 1 931 
9 7 2 0.0000425355 1406.2500000000 15913  8 2 1 1 5 1 1 1 931 
10 7 2 0.0000425355 1406.2500000000 49279  36 2 1 1 72 1 1 1 213 
11 7 2 0.0000425355 1406.2500000000 203647  8 2 1 1 72 1 1 1 931 
12 7 2 0.0000425355 1406.2500000000 203493  6 2 1 1 72 1 1 1 931 
13 7 2 0.0000425355 1406.2500000000 15913  8 2 1 1 5 1 1 1 931 
14 7 2 0.0000425355 1406.2500000000 15913  8 2 1 1 5 1 1 1 931 
15 7 2 0.0000425355 1406.2500000000 15913  8 2 1 1 5 1 1 1 931 
16 7 2 0.0000425355 1406.2500000000 99973  8 2 1 1 35 1 1 1 931 
17 7 2 0.0000425355 1406.2500000000 99973  8 2 1 1 35 1 1 1 931 
18 7 2 0.0000425355 1406.2500000000 4183  8 2 1 1 5 1 1 1 241 
19 7 2 0.0000425355 1406.2500000000 15913  8 2 1 1 5 1 1 1 931 
20 7 2 0.0000425355 1406.2500000000 15913  8 2 1 1 5 1 1 1 931 
21 7 2 0.0000425355 1406.2500000000 15913  8 2 1 1 5 1 1 1 931 
22 7 2 0.0000425355 1406.2500000000 15913  8 2 1 1 5 1 1 1 931 
23 7 2 0.0000425355 1406.2500000000 16083  25 2 1 1 5 1 1 1 931 
24 7 2 0.0000425355 1406.2500000000 16023  19 2 1 1 5 1 1 1 931 
25 7 2 0.0000425355 1406.2500000000 15913  8 2 1 1 5 1 1 1 931 
26 7 2 0.0000425355 1406.2500000000 9640  8 2 1 1 5 1 1 1 562 
27 7 2 0.0000425355 1406.2500000000 15913  8 2 1 1 5 1 1 1 931 
28 7 2 0.0000425355 1406.2500000000 15913  8 2 1 1 5 1 1 1 931 
29 7 2 0.0000425355 1406.2500000000 14638  8 2 1 1 5 1 1 1 856 
30 7 2 0.0000425355 1406.2500000000 15913  8 2 1 1 5 1 1 1 931 
31 7 2 0.0000425355 1406.2500000000 15913  8 2 1 1 5 1 1 1 931 
32 7 2 0.0000425355 1406.2500000000 15913  8 2 1 1 5 1 1 1 931 
33 7 2 0.0000425355 1406.2500000000 223261  8 2 1 1 79 1 1 1 931 
34 7 2 0.0000425355 1406.2500000000 15913  8 2 1 1 5 1 1 1 931 
35 7 2 0.0000425355 1406.2500000000 15913  8 2 1 1 5 1 1 1 931 
36 7 2 0.0000425355 1406.2500000000 15913  8 2 1 1 5 1 1 1 931 
37 7 2 0.0000425355 1406.2500000000 15913  8 2 1 1 5 1 1 1 931 
38 7 2 0.0000425355 1406.2500000000 15913  8 2 1 1 5 1 1 1 931 
39 7 2 0.0000425355 1406.2500000000 203647  8 2 1 1 72 1 1 1 931 
40 7 2 0.0000425355 1406.2500000000 15913  8 2 1 1 5 1 1 1 931 
41 7 2 0.0000425355 1406.2500000000 15913  8 2 1 1 5 1 1 1 931 
42 7 2 0.0000425355 1406.2500000000 15607  8 2 1 1 5 1 1 1 913 
43 7 2 0.0000425355 1406.2500000000 15913  8 2 1 1 5 1 1 1 931 
44 7 2 0.0000425355 1406.2500000000 15913  8 2 1 1 5 1 1 1 931 
45 7 2 0.0000425355 1406.2500000000 15913  8 2 1 1 5 1 1 1 931 
46 7 2 0.0000425355 1406.2500000000 16023  19 2 1 1 5 1 1 1 931 
47 7 2 0.0000425355 1406.2500000000 16023  19 2 1 1 5 1 1 1 931 
48 7 2 0.0000425355 1406.2500000000 16023  19 2 1 1 5 1 1 1 931 
49 7 2 0.0000425355 1406.2500000000 15913  8 2 1 1 5 1 1 1 931 
50 7 2 0.0000425355 1406.2500000000 15913  8 2 1 1 5 1 1 1 931 
51 7 2 0.0000425355 1406.2500000000 15913  8 2 1 1 5 1 1 1 931 
52 7 2 0.0000425355 1406.2500000000 15913  8 2 1 1 5 1 1 1 931 
53 7 2 0.0000425355 1406.2500000000 15913  8 2 1 1 5 1 1 1 931 
54 7 2 0.0000425355 1406.2500000000 212053  8 2 1 1 75 1 1 1 931 
55 7 2 0.0000425355 1406.2500000000 15913  8 2 1 1 5 1 1 1 931 
56 7 2 0.0000425355 1406.2500000000 16063  23 2 1 1 5 1 1 1 931 
57 7 2 0.0000425355 1406.2500000000 15913  8 2 1 1 5 1 1 1 931 
58 7 2 0.0000425355 1406.2500000000 409  8 2 1 1 5 1 1 1 19 
59 7 2 0.0000425355 1406.2500000000 11476  8 2 1 1 5 1 1 1 670 
60 7 2 0.0000425355 1406.2500000000 11476  8 2 1 1 5 1 1 1 670 
61 7 2 0.0000425355 1406.2500000000 11476  8 2 1 1 5 1 1 1 670 
62 7 2 0.0000425355 1406.2500000000 8025  8 2 1 1 5 1 1 1 467 
63 7 2 0.0000425355 1406.2500000000 8025  8 2 1 1 5 1 1 1 467 
64 7 2 0.0000425355 1406.2500000000 8025  8 2 1 1 5 1 1 1 467 
65 7 2 0.0000425355 1406.2500000000 10881  8 2 1 1 5 1 1 1 635 
66 7 2 0.0000425355 1406.2500000000 15913  8 2 1 1 5 1 1 1 931 
67 7 2 0.0000425355 1406.2500000000 16233  40 2 1 1 5 1 1 1 931 
68 7 2 0.0000425355 1406.2500000000 15913  8 2 1 1 5 1 1 1 931 
69 7 2 0.0000425355 1406.2500000000 8144  8 2 1 1 5 1 1 1 474 
70 7 2 0.0000425355 1406.2500000000 15913  8 2 1 1 5 1 1 1 931 
71 7 2 0.0000425355 1406.2500000000 16113  28 2 1 1 5 1 1 1 931 
72 7 2 0.0000425355 1406.2500000000 15873  4 2 1 1 5 1 1 1 931 
73 7 2 0.0000425355 1406.2500000000 3004  4 2 1 1 5 1 1 1 174 
74 7 2 0.0000425355 1406.2500000000 15923  9 2 1 1 5 1 1 1 931 
75 7 2 0.0000425355 1406.2500000000 12088  8 2 1 1 5 1 1 1 706 
76 7 2 0.0000425355 1406.2500000000 15913  8 2 1 1 5 1 1 1 931 
77 7 2 0.0000425355 1406.2500000000 15913  8 2 1 1 5 1 1 1 931 
78 7 2 0.0000425355 1406.2500000000 15913  8 2 1 1 5 1 1 1 931 
79 7 2 0.0000425355 1406.2500000000 15913  8 2 1 1 5 1 1 1 931 
80 7 2 0.0000425355 1406.2500000000 12561  23 2 1 1 5 1 1 1 725 
81 7 2 0.0000425355 1406.2500000000 11782  8 2 1 1 5 1 1 1 688 
82 7 2 0.0000425355 1406.2500000000 15913  8 2 1 1 5 1 1 1 931 
83 7 2 0.0000425355 1406.2500000000 15913  8 2 1 1 5 1 1 1 931 
84 7 2 0.0000425355 1406.2500000000 15913  8 2 1 1 5 1 1 1 931 
85 7 2 0.0000425355 1406.2500000000 15913  8 2 1 1 5 1 1 1 931 
86 7 2 0.0000425355 1406.2500000000 4948  8 2 1 1 5 1 1 1 286 
87 7 2 0.0000425355 1406.2500000000 4948  8 2 1 1 5 1 1 1 286 
88 7 2 0.0000425355 1406.2500000000 15913  8 2 1 1 5 1 1 1 931 
89 7 2 0.0000425355 1406.2500000000 15913  8 2 1 1 5 1 1 1 931 
90 7 2 0.0000425355 1406.2500000000 15913  8 2 1 1 5 1 1 1 931 
91 7 2 0.0000425355 1406.2500000000 15913  8 2 1 1 5 1 1 1 931 
92 7 2 0.0000425355 1406.2500000000 15913  8 2 1 1 5 1 1 1 931 
93 7 2 0.0000425355 1406.2500000000 15913  8 2 1 1 5 1 1 1 931 
94 7 2 0.0000425355 1406.2500000000 15913  8 2 1 1 5 1 1 1 931 
95 7 2 0.0000425355 1406.2500000000 15913  8 2 1 1 5 1 1 1 931 
96 7 2 0.0000425355 1406.2500000000 15913  8 2 1 1 5 1 1 1 931 
97 7 2 0.0000425355 1406.2500000000 15913  8 2 1 1 5 1 1 1 931 
98 7 2 0.0000425355 1406.2500000000 15913  8 2 1 1 5 1 1 1 931 
99 7 2 0.0000425355 1406.2500000000 15913  8 2 1 1 5 1 1 1 931 
