0 0.0000000067 7984.3750000000
0 0 3 0.0000000064 2921.8750000000 228674  41 3 1 69 187 29 2 
1 1 9 0.0000000063 2781.2500000000 49870  41 3 1 80 24 14 7 
2 2 7 0.0000000059 2781.2500000000 335885  28 3 1 80 232 44 2 
3 3 2 0.0000000056 2500.0000000000 281805  28 3 1 115 177 44 2 
4 3 2 0.0000000056 2500.0000000000 281805  28 3 1 115 177 44 2 
5 3 2 0.0000000056 2500.0000000000 284278  33 3 1 115 177 44 5 
6 6 8 0.0000000056 2625.0000000000 267175  28 3 1 115 169 44 13 
7 6 8 0.0000000056 2625.0000000000 511991  28 3 1 115 276 44 13 
8 8 6 0.0000000054 8656.2500000000 267175  28 3 1 115 169 44 13 
9 8 6 0.0000000054 8656.2500000000 267175  28 3 1 115 169 44 13 
10 8 6 0.0000000054 8656.2500000000 267175  28 3 1 115 169 44 13 
11 8 6 0.0000000054 8656.2500000000 267175  28 3 1 115 169 44 13 
12 8 6 0.0000000054 8656.2500000000 393773  28 3 1 115 229 44 26 
13 8 6 0.0000000053 2890.6250000000 264840  23 3 1 115 169 44 13 
14 8 6 0.0000000053 2890.6250000000 266708  27 3 1 115 169 44 13 
15 8 6 0.0000000053 2890.6250000000 266708  27 3 1 115 169 44 13 
16 8 6 0.0000000053 2890.6250000000 205934  27 3 1 115 136 19 13 
17 8 6 0.0000000053 2890.6250000000 264840  23 3 1 115 169 44 13 
18 8 6 0.0000000053 2890.6250000000 264840  23 3 1 115 169 44 13 
19 8 6 0.0000000053 2890.6250000000 181132  23 3 1 56 169 56 13 
