0 0.0000029348 6390.6250000000
0 0.0000070619 17078.1250000000
0 0.0000038149 12625.0000000000
0 0.0000031775 14000.0000000000
0 0.0000022565 15109.3750000000
0 0.0000046840 17375.0000000000
0 0 5 0.0000005140 13375.0000000000 588934  7 2 1 160 274 15 29 0 0 
1 1 10 0.0000001301 11578.1250000000 498155  16 2 1 112 274 58 3 0 0 
2 2 13 0.0000000961 11078.1250000000 847563  16 2 1 248 272 58 32 0 0 
3 3 2 0.0000000475 10640.6250000000 847285  16 2 1 248 274 36 32 0 0 
4 3 2 0.0000000475 10640.6250000000 847285  16 2 1 248 274 36 32 0 0 
5 3 2 0.0000000475 10640.6250000000 847285  16 2 1 248 274 36 32 0 0 
6 3 2 0.0000000475 10640.6250000000 847285  16 2 1 248 274 36 32 0 0 
7 3 2 0.0000000475 10640.6250000000 847285  16 2 1 248 274 36 32 0 0 
8 3 2 0.0000000475 10640.6250000000 847285  16 2 1 248 274 36 32 0 0 
9 9 5 0.0000000338 12171.8750000000 837210  7 2 1 248 274 36 3 0 0 
10 9 5 0.0000000338 12171.8750000000 695169  2 2 1 248 229 36 1 0 0 
11 11 6 0.0000000329 16718.7500000000 842579  16 2 1 248 274 22 15 0 0 
12 11 6 0.0000000329 16718.7500000000 842579  16 2 1 248 274 22 15 0 0 
13 11 6 0.0000000329 16718.7500000000 842579  16 2 1 248 274 22 15 0 0 
14 11 6 0.0000000329 16718.7500000000 842579  16 2 1 248 274 22 15 0 0 
15 11 6 0.0000000329 16718.7500000000 872489  46 2 1 248 274 22 15 0 0 
16 16 17 0.0000000159 11906.2500000000 565323  8 2 1 149 274 22 15 0 0 
17 16 17 0.0000000159 11906.2500000000 565323  8 2 1 149 274 22 15 0 0 
18 16 17 0.0000000159 11906.2500000000 561116  1 2 1 149 274 22 15 0 0 
19 16 17 0.0000000159 11906.2500000000 561116  1 2 1 149 274 22 15 0 0 
1 0.0000077607 12343.7500000000
0 0 8 0.0000001677 12062.5000000000 512829  26 2 1 152 244 61 23 0 0 
1 1 6 0.0000001153 13750.0000000000 572756  26 2 1 152 268 45 8 0 0 
2 2 11 0.0000000568 10687.5000000000 416392  11 2 1 203 162 24 26 0 0 
3 3 2 0.0000000227 14875.0000000000 739168  11 2 1 203 285 24 8 0 0 
4 3 2 0.0000000227 14875.0000000000 739168  11 2 1 203 285 24 8 0 0 
5 5 1 0.0000000209 14250.0000000000 739168  11 2 1 203 285 24 8 0 0 
6 5 1 0.0000000209 14250.0000000000 739168  11 2 1 203 285 24 8 0 0 
7 5 1 0.0000000209 14250.0000000000 739168  11 2 1 203 285 24 8 0 0 
8 5 1 0.0000000209 14250.0000000000 739168  11 2 1 203 285 24 8 0 0 
9 5 1 0.0000000209 14250.0000000000 58696  43 2 1 58 66 24 8 0 0 
10 5 1 0.0000000209 14250.0000000000 412882  11 2 1 58 285 15 8 0 0 
11 5 1 0.0000000209 14250.0000000000 739168  11 2 1 203 285 24 8 0 0 
12 5 1 0.0000000209 14250.0000000000 739168  11 2 1 203 285 24 8 0 0 
13 5 1 0.0000000209 14250.0000000000 739168  11 2 1 203 285 24 8 0 0 
14 5 1 0.0000000209 14250.0000000000 739168  11 2 1 203 285 24 8 0 0 
15 5 1 0.0000000209 14250.0000000000 739168  11 2 1 203 285 24 8 0 0 
16 5 1 0.0000000209 14250.0000000000 739480  11 2 1 203 285 24 20 0 0 
17 5 1 0.0000000209 14250.0000000000 755898  31 2 1 203 285 24 23 0 0 
18 5 1 0.0000000209 14250.0000000000 739168  11 2 1 203 285 24 8 0 0 
19 5 1 0.0000000209 14250.0000000000 532724  11 2 1 203 212 24 8 0 0 
2 0.0000079262 14484.3750000000
0 0 13 0.0000000159 16343.7500000000 782753  2 2 1 248 257 51 8 0 0 
1 0 13 0.0000000159 16343.7500000000 930321  2 2 1 294 257 51 8 0 0 
2 0 13 0.0000000159 16343.7500000000 375579  2 2 1 248 91 28 8 0 0 
3 0 13 0.0000000159 16343.7500000000 377879  2 2 1 248 91 51 8 0 0 
4 0 13 0.0000000159 16343.7500000000 782753  2 2 1 248 257 51 8 0 0 
5 0 13 0.0000000159 16343.7500000000 782753  2 2 1 248 257 51 8 0 0 
6 0 13 0.0000000159 16343.7500000000 782753  2 2 1 248 257 51 8 0 0 
7 0 13 0.0000000159 16343.7500000000 782753  2 2 1 248 257 51 8 0 0 
8 0 13 0.0000000159 16343.7500000000 824627  44 2 1 248 257 51 8 0 0 
9 0 13 0.0000000159 16343.7500000000 782753  2 2 1 248 257 51 8 0 0 
10 0 13 0.0000000159 16343.7500000000 415921  1 2 1 248 112 51 8 0 0 
11 0 13 0.0000000159 16343.7500000000 414982  2 2 1 248 112 35 8 0 0 
12 0 13 0.0000000159 16343.7500000000 782753  2 2 1 248 257 51 8 0 0 
13 0 13 0.0000000159 16343.7500000000 782753  2 2 1 248 257 51 8 0 0 
14 0 13 0.0000000159 16343.7500000000 782753  2 2 1 248 257 51 8 0 0 
15 0 13 0.0000000159 16343.7500000000 782753  2 2 1 248 257 51 8 0 0 
16 0 13 0.0000000159 16343.7500000000 480995  2 2 1 248 143 51 8 0 0 
17 0 13 0.0000000159 16343.7500000000 480995  2 2 1 248 143 51 8 0 0 
18 0 13 0.0000000159 16343.7500000000 782753  2 2 1 248 257 51 8 0 0 
19 0 13 0.0000000159 16343.7500000000 782753  2 2 1 248 257 51 8 0 0 
3 0.0000066744 2890.6250000000
0 0 10 0.0000000964 9531.2500000000 693403  38 2 1 240 222 56 30 0 0 
1 0 10 0.0000000964 9531.2500000000 693403  38 2 1 240 222 56 30 0 0 
2 0 10 0.0000000964 9531.2500000000 241159  38 2 1 25 222 56 32 0 0 
3 0 10 0.0000000964 9531.2500000000 693403  38 2 1 240 222 56 30 0 0 
4 0 10 0.0000000964 9531.2500000000 693403  38 2 1 240 222 56 30 0 0 
5 0 10 0.0000000964 9531.2500000000 817891  38 2 1 240 264 56 30 0 0 
6 0 10 0.0000000964 9531.2500000000 692997  38 2 1 240 222 56 23 0 0 
7 7 6 0.0000000334 12500.0000000000 655263  10 2 1 240 218 56 30 0 0 
8 8 2 0.0000000283 13156.2500000000 666383  10 2 1 240 222 56 30 0 0 
9 8 2 0.0000000283 13156.2500000000 666383  10 2 1 240 222 56 30 0 0 
10 8 2 0.0000000283 13156.2500000000 666383  10 2 1 240 222 56 30 0 0 
11 8 2 0.0000000283 13156.2500000000 666383  10 2 1 240 222 56 30 0 0 
12 8 2 0.0000000283 13156.2500000000 488031  10 2 1 240 151 56 30 0 0 
13 8 2 0.0000000283 13156.2500000000 257239  10 2 1 41 222 56 30 0 0 
14 8 2 0.0000000283 13156.2500000000 14983  10 2 1 41 16 56 30 0 0 
15 8 2 0.0000000283 13156.2500000000 407015  10 2 1 133 222 56 30 0 0 
16 8 2 0.0000000283 13156.2500000000 282198  15 2 1 240 30 62 30 0 0 
17 8 2 0.0000000283 13156.2500000000 666383  10 2 1 240 222 56 30 0 0 
18 8 2 0.0000000283 13156.2500000000 666383  10 2 1 240 222 56 30 0 0 
19 8 2 0.0000000283 13156.2500000000 664875  10 2 1 240 222 56 4 0 0 
4 0.0000024188 10984.3750000000
0 0 16 0.0000001630 9671.8750000000 477081  32 2 1 223 158 39 23 0 0 
1 1 18 0.0000000423 15562.5000000000 573788  4 2 1 199 233 33 3 0 0 
2 2 5 0.0000000375 9765.6250000000 666020  41 2 1 199 257 16 3 0 0 
3 2 5 0.0000000375 9765.6250000000 666020  41 2 1 199 257 16 3 0 0 
4 2 5 0.0000000375 9765.6250000000 666020  41 2 1 199 257 16 3 0 0 
5 2 5 0.0000000375 9765.6250000000 515312  41 2 1 199 200 16 3 0 0 
6 2 5 0.0000000375 9765.6250000000 666020  41 2 1 199 257 16 3 0 0 
7 2 5 0.0000000375 9765.6250000000 666020  41 2 1 199 257 16 3 0 0 
8 2 5 0.0000000375 9765.6250000000 666020  41 2 1 199 257 16 3 0 0 
9 2 5 0.0000000375 9765.6250000000 666020  41 2 1 199 257 16 3 0 0 
10 2 5 0.0000000375 9765.6250000000 201572  41 2 1 199 11 16 3 0 0 
11 2 5 0.0000000375 9765.6250000000 666020  41 2 1 199 257 16 3 0 0 
12 2 5 0.0000000375 9765.6250000000 666020  41 2 1 199 257 16 3 0 0 
13 2 5 0.0000000375 9765.6250000000 664580  39 2 1 199 257 16 12 0 0 
14 2 5 0.0000000375 9765.6250000000 507434  39 2 1 137 257 16 3 0 0 
15 2 5 0.0000000375 9765.6250000000 666020  41 2 1 199 257 16 3 0 0 
16 2 5 0.0000000375 9765.6250000000 666020  41 2 1 199 257 16 3 0 0 
17 2 5 0.0000000375 9765.6250000000 294896  41 2 1 199 88 16 3 0 0 
18 2 5 0.0000000375 9765.6250000000 666020  41 2 1 199 257 16 3 0 0 
19 2 5 0.0000000375 9765.6250000000 647597  18 2 1 199 257 16 3 0 0 