0 0.0000000072 5578.1250000000
0 0 9 0.0000000029 3031.2500000000 184634  15 2 1 1 83 1 1 1 730 
1 1 0 0.0000000024 2562.5000000000 206694  15 2 1 1 93 1 1 1 730 
2 1 0 0.0000000024 2562.5000000000 206694  15 2 1 1 93 1 1 1 730 
3 1 0 0.0000000024 2562.5000000000 253902  15 2 1 1 93 1 1 1 898 
4 1 0 0.0000000024 2562.5000000000 206694  15 2 1 1 93 1 1 1 730 
5 5 6 0.0000000023 3062.5000000000 121915  15 2 1 1 57 1 1 1 699 
6 5 6 0.0000000023 3062.5000000000 121915  15 2 1 1 57 1 1 1 699 
7 5 6 0.0000000023 3062.5000000000 121915  15 2 1 1 57 1 1 1 699 
8 5 6 0.0000000023 3062.5000000000 122411  23 2 1 1 57 1 1 1 699 
9 5 6 0.0000000023 3062.5000000000 121915  15 2 1 1 57 1 1 1 699 
10 5 6 0.0000000023 3062.5000000000 1161  15 2 1 1 57 1 1 1 1 
11 5 6 0.0000000023 3062.5000000000 121915  15 2 1 1 57 1 1 1 699 
12 5 6 0.0000000023 3062.5000000000 121915  15 2 1 1 57 1 1 1 699 
13 5 6 0.0000000023 3062.5000000000 111016  15 2 1 1 57 1 1 1 636 
14 5 6 0.0000000023 3062.5000000000 121915  15 2 1 1 57 1 1 1 699 
15 5 6 0.0000000023 3062.5000000000 121915  15 2 1 1 57 1 1 1 699 
16 5 6 0.0000000023 3062.5000000000 121915  15 2 1 1 57 1 1 1 699 
17 5 6 0.0000000023 3062.5000000000 121915  15 2 1 1 57 1 1 1 699 
18 5 6 0.0000000023 3062.5000000000 121915  15 2 1 1 57 1 1 1 699 
19 5 6 0.0000000023 3062.5000000000 121915  15 2 1 1 57 1 1 1 699 
1 0.0000000070 1515.6250000000
0 0 8 0.0000000029 2343.7500000000 83132  31 2 1 1 83 1 1 1 320 
1 0 8 0.0000000029 2343.7500000000 83132  31 2 1 1 83 1 1 1 320 
2 0 8 0.0000000029 2343.7500000000 100953  31 2 1 1 83 1 1 1 391 
3 3 7 0.0000000026 2468.7500000000 83132  31 2 1 1 83 1 1 1 320 
4 3 7 0.0000000026 2468.7500000000 82868  28 2 1 1 83 1 1 1 320 
5 5 6 0.0000000024 1578.1250000000 32540  31 2 1 1 32 1 1 1 320 
6 5 6 0.0000000024 1578.1250000000 32540  31 2 1 1 32 1 1 1 320 
7 5 6 0.0000000024 1578.1250000000 32540  31 2 1 1 32 1 1 1 320 
8 5 6 0.0000000024 1578.1250000000 32540  31 2 1 1 32 1 1 1 320 
9 5 6 0.0000000024 1578.1250000000 32540  31 2 1 1 32 1 1 1 320 
10 5 6 0.0000000024 1578.1250000000 33058  45 2 1 1 32 1 1 1 320 
11 11 9 0.0000000022 2796.8750000000 31467  2 2 1 1 32 1 1 1 320 
12 11 9 0.0000000022 2796.8750000000 31467  2 2 1 1 32 1 1 1 320 
13 13 6 0.0000000020 1031.2500000000 31467  2 2 1 1 32 1 1 1 320 
14 13 6 0.0000000020 1031.2500000000 31467  2 2 1 1 32 1 1 1 320 
15 13 6 0.0000000020 1031.2500000000 22745  2 2 1 1 32 1 1 1 231 
16 13 6 0.0000000020 1031.2500000000 28331  2 2 1 1 32 1 1 1 288 
17 13 6 0.0000000020 1031.2500000000 31467  2 2 1 1 32 1 1 1 320 
18 13 6 0.0000000020 1031.2500000000 31467  2 2 1 1 32 1 1 1 320 
19 13 6 0.0000000020 1031.2500000000 31467  2 2 1 1 32 1 1 1 320 
0 0.0000000027 3921.8750000000
0 0 3 0.0000000040 1609.3750000000 42666  19 2 1 1 41 1 1 1 334 
1 1 2 0.0000000025 1734.3750000000 117521  24 2 1 1 41 1 1 1 931 
0 0.0000000221 6218.7500000000
0 0 1 0.0000000045 2093.7500000000 16342  46 3 1 1 87 1 1 1 67 
1 1 2 0.0000000030 2437.5000000000 123267  27 3 1 1 87 1 1 1 685 
2 1 2 0.0000000030 2437.5000000000 123267  27 3 1 1 87 1 1 1 685 
3 3 6 0.0000000024 2015.6250000000 107941  45 3 1 1 87 1 1 1 588 
4 4 7 0.0000000024 1906.2500000000 138408  12 3 1 1 99 1 1 1 685 
5 5 5 0.0000000019 2093.7500000000 24143  12 3 1 1 54 1 1 1 212 
6 5 5 0.0000000019 2093.7500000000 67499  26 3 1 1 54 1 1 1 598 
7 7 0 0.0000000019 1968.7500000000 76173  12 3 1 1 54 1 1 1 685 
8 8 6 0.0000000018 2828.1250000000 75597  3 3 1 1 54 1 1 1 685 
9 8 6 0.0000000018 2828.1250000000 75597  3 3 1 1 54 1 1 1 685 
10 10 8 0.0000000015 2328.1250000000 75981  9 3 1 1 54 1 1 1 685 
11 10 8 0.0000000015 2328.1250000000 75981  9 3 1 1 54 1 1 1 685 
12 10 8 0.0000000015 2328.1250000000 75981  9 3 1 1 54 1 1 1 685 
13 10 8 0.0000000015 2328.1250000000 75981  9 3 1 1 54 1 1 1 685 
14 10 8 0.0000000015 2328.1250000000 75981  9 3 1 1 54 1 1 1 685 
15 10 8 0.0000000015 2328.1250000000 75981  9 3 1 1 54 1 1 1 685 
16 10 8 0.0000000015 2328.1250000000 75981  9 3 1 1 54 1 1 1 685 
17 10 8 0.0000000015 2328.1250000000 75981  9 3 1 1 54 1 1 1 685 
18 10 8 0.0000000015 2328.1250000000 75981  9 3 1 1 54 1 1 1 685 
19 10 8 0.0000000015 2328.1250000000 75981  9 3 1 1 54 1 1 1 685 
1 0.0000000116 1781.2500000000
0 0 1 0.0000000024 2250.0000000000 46428  16 3 1 1 83 1 1 1 267 
1 0 1 0.0000000024 2250.0000000000 46428  16 3 1 1 83 1 1 1 267 
2 0 1 0.0000000024 2250.0000000000 46428  16 3 1 1 83 1 1 1 267 
3 3 5 0.0000000015 3390.6250000000 13121  16 2 1 1 22 2 1 1 267 
4 3 5 0.0000000015 3390.6250000000 13121  16 2 1 1 22 2 1 1 267 
5 3 5 0.0000000015 3390.6250000000 52244  16 2 1 1 91 2 1 1 267 
6 6 6 0.0000000012 1562.5000000000 13121  16 2 1 1 22 2 1 1 267 
7 6 6 0.0000000012 1562.5000000000 6895  16 2 1 2 22 1 1 1 267 
8 6 6 0.0000000012 1562.5000000000 13121  16 2 1 1 22 2 1 1 267 
9 6 6 0.0000000012 1562.5000000000 13121  16 2 1 1 22 2 1 1 267 
10 6 6 0.0000000012 1562.5000000000 13376  21 2 1 1 22 2 1 1 267 
11 6 6 0.0000000012 1562.5000000000 13121  16 2 1 1 22 2 1 1 267 
12 6 6 0.0000000012 1562.5000000000 6895  16 2 1 2 22 1 1 1 267 
13 6 6 0.0000000012 1562.5000000000 12817  16 3 1 1 22 1 1 1 267 
14 6 6 0.0000000012 1562.5000000000 13121  16 2 1 1 22 2 1 1 267 
15 6 6 0.0000000012 1562.5000000000 19561  16 2 1 1 22 2 1 1 407 
16 6 6 0.0000000012 1562.5000000000 40399  16 2 1 1 22 2 1 1 860 
17 6 6 0.0000000012 1562.5000000000 13121  16 2 1 1 22 2 1 1 267 
18 6 6 0.0000000012 1562.5000000000 13121  16 2 1 1 22 2 1 1 267 
19 6 6 0.0000000012 1562.5000000000 13121  16 2 1 1 22 2 1 1 267 
