0 0.0021672154 7062.5000000000
0 0 0 0.0000277976 1890.6250000000 11246  5 2 1 1 40 1 1 1 90 
1 0 0 0.0000277976 1890.6250000000 3242  5 2 1 1 11 1 1 1 90 
2 2 3 0.0000171686 2109.3750000000 11246  5 2 1 1 40 1 1 1 90 
3 2 3 0.0000171686 2109.3750000000 11246  5 2 1 1 40 1 1 1 90 
4 2 3 0.0000171686 2109.3750000000 12371  30 2 1 1 40 1 1 1 90 
5 2 3 0.0000171686 2109.3750000000 85192  30 2 1 1 53 1 1 1 518 
6 2 3 0.0000171686 2109.3750000000 40526  5 2 1 1 40 1 1 1 330 
7 7 2 0.0000120333 1750.0000000000 27716  5 2 1 1 40 1 1 1 225 
8 7 2 0.0000120333 1750.0000000000 27716  5 2 1 1 40 1 1 1 225 
9 7 2 0.0000120333 1750.0000000000 27716  5 2 1 1 40 1 1 1 225 
10 10 3 0.0000012491 1562.5000000000 33164  5 2 1 1 48 1 1 1 225 
11 10 3 0.0000012491 1562.5000000000 33164  5 2 1 1 48 1 1 1 225 
12 10 3 0.0000012491 1562.5000000000 33164  5 2 1 1 48 1 1 1 225 
13 10 3 0.0000012491 1562.5000000000 33164  5 2 1 1 48 1 1 1 225 
14 10 3 0.0000012491 1562.5000000000 33164  5 2 1 1 48 1 1 1 225 
15 10 3 0.0000012491 1562.5000000000 33164  5 2 1 1 48 1 1 1 225 
16 10 3 0.0000012491 1562.5000000000 33164  5 2 1 1 48 1 1 1 225 
17 10 3 0.0000012491 1562.5000000000 33164  5 2 1 1 48 1 1 1 225 
18 10 3 0.0000012491 1562.5000000000 33164  5 2 1 1 48 1 1 1 225 
19 10 3 0.0000012491 1562.5000000000 33217  6 2 1 1 48 1 1 1 225 
20 10 3 0.0000012491 1562.5000000000 34701  34 2 1 1 48 1 1 1 225 
21 10 3 0.0000012491 1562.5000000000 33164  5 2 1 1 48 1 1 1 225 
22 10 3 0.0000012491 1562.5000000000 33164  5 2 1 1 48 1 1 1 225 
23 10 3 0.0000012491 1562.5000000000 28397  5 2 1 1 41 1 1 1 225 
24 10 3 0.0000012491 1562.5000000000 33164  5 2 1 1 48 1 1 1 225 
25 10 3 0.0000012491 1562.5000000000 33164  5 2 1 1 48 1 1 1 225 
26 10 3 0.0000012491 1562.5000000000 33164  5 2 1 1 48 1 1 1 225 
27 10 3 0.0000012491 1562.5000000000 33164  5 2 1 1 48 1 1 1 225 
28 10 3 0.0000012491 1562.5000000000 33164  5 2 1 1 48 1 1 1 225 
29 10 3 0.0000012491 1562.5000000000 60404  5 2 1 1 88 1 1 1 225 
30 10 3 0.0000012491 1562.5000000000 33164  5 2 1 1 48 1 1 1 225 
31 10 3 0.0000012491 1562.5000000000 33164  5 2 1 1 48 1 1 1 225 
32 10 3 0.0000012491 1562.5000000000 33164  5 2 1 1 48 1 1 1 225 
33 10 3 0.0000012491 1562.5000000000 120180  5 2 1 1 48 1 1 1 821 
34 10 3 0.0000012491 1562.5000000000 33164  5 2 1 1 48 1 1 1 225 
35 10 3 0.0000012491 1562.5000000000 117114  5 2 1 1 48 1 1 1 800 
36 10 3 0.0000012491 1562.5000000000 33164  5 2 1 1 48 1 1 1 225 
37 10 3 0.0000012491 1562.5000000000 33164  5 2 1 1 48 1 1 1 225 
38 10 3 0.0000012491 1562.5000000000 33164  5 2 1 1 48 1 1 1 225 
39 10 3 0.0000012491 1562.5000000000 33164  5 2 1 1 48 1 1 1 225 
40 10 3 0.0000012491 1562.5000000000 33164  5 2 1 1 48 1 1 1 225 
41 10 3 0.0000012491 1562.5000000000 33164  5 2 1 1 48 1 1 1 225 
42 10 3 0.0000012491 1562.5000000000 105288  5 2 1 1 48 1 1 1 719 
43 10 3 0.0000012491 1562.5000000000 33164  5 2 1 1 48 1 1 1 225 
44 10 3 0.0000012491 1562.5000000000 67182  5 2 1 1 48 1 1 1 458 
45 45 2 0.0000012020 1390.6250000000 33164  5 2 1 1 48 1 1 1 225 
46 45 2 0.0000012020 1390.6250000000 33959  20 2 1 1 48 1 1 1 225 
47 45 2 0.0000012020 1390.6250000000 33959  20 2 1 1 48 1 1 1 225 
48 45 2 0.0000012020 1390.6250000000 33959  20 2 1 1 48 1 1 1 225 
49 45 2 0.0000012020 1390.6250000000 33164  5 2 1 1 48 1 1 1 225 
50 45 2 0.0000012020 1390.6250000000 33164  5 2 1 1 48 1 1 1 225 
51 45 2 0.0000012020 1390.6250000000 33164  5 2 1 1 48 1 1 1 225 
52 45 2 0.0000012020 1390.6250000000 33164  5 2 1 1 48 1 1 1 225 
53 45 2 0.0000012020 1390.6250000000 33164  5 2 1 1 48 1 1 1 225 
54 45 2 0.0000012020 1390.6250000000 20906  5 2 1 1 30 1 1 1 225 
55 45 2 0.0000012020 1390.6250000000 33164  5 2 1 1 48 1 1 1 225 
56 45 2 0.0000012020 1390.6250000000 34224  25 2 1 1 48 1 1 1 225 
57 45 2 0.0000012020 1390.6250000000 33164  5 2 1 1 48 1 1 1 225 
58 45 2 0.0000012020 1390.6250000000 94630  5 2 1 1 48 1 1 1 646 
59 45 2 0.0000012020 1390.6250000000 1628  5 2 1 1 48 1 1 1 9 
60 45 2 0.0000012020 1390.6250000000 1628  5 2 1 1 48 1 1 1 9 
61 45 2 0.0000012020 1390.6250000000 1628  5 2 1 1 48 1 1 1 9 
62 45 2 0.0000012020 1390.6250000000 42216  5 2 1 1 48 1 1 1 287 
63 45 2 0.0000012020 1390.6250000000 42216  5 2 1 1 48 1 1 1 287 
64 45 2 0.0000012020 1390.6250000000 42216  5 2 1 1 48 1 1 1 287 
65 45 2 0.0000012020 1390.6250000000 62656  5 2 1 1 48 1 1 1 427 
66 45 2 0.0000012020 1390.6250000000 33164  5 2 1 1 48 1 1 1 225 
67 45 2 0.0000012020 1390.6250000000 33429  10 2 1 1 48 1 1 1 225 
68 45 2 0.0000012020 1390.6250000000 33164  5 2 1 1 48 1 1 1 225 
69 45 2 0.0000012020 1390.6250000000 28930  5 2 1 1 48 1 1 1 196 
70 45 2 0.0000012020 1390.6250000000 33164  5 2 1 1 48 1 1 1 225 
71 45 2 0.0000012020 1390.6250000000 35019  40 2 1 1 48 1 1 1 225 
72 45 2 0.0000012020 1390.6250000000 35284  45 2 1 1 48 1 1 1 225 
73 45 2 0.0000012020 1390.6250000000 67112  45 2 1 1 48 1 1 1 443 
74 45 2 0.0000012020 1390.6250000000 33959  20 2 1 1 48 1 1 1 225 
75 45 2 0.0000012020 1390.6250000000 46012  5 2 1 1 48 1 1 1 313 
76 45 2 0.0000012020 1390.6250000000 33164  5 2 1 1 48 1 1 1 225 
77 45 2 0.0000012020 1390.6250000000 33164  5 2 1 1 48 1 1 1 225 
78 45 2 0.0000012020 1390.6250000000 33164  5 2 1 1 48 1 1 1 225 
79 45 2 0.0000012020 1390.6250000000 33164  5 2 1 1 48 1 1 1 225 
80 45 2 0.0000012020 1390.6250000000 43874  17 2 1 1 48 1 1 1 294 
81 45 2 0.0000012020 1390.6250000000 37106  5 2 1 1 48 1 1 1 252 
82 45 2 0.0000012020 1390.6250000000 33164  5 2 1 1 48 1 1 1 225 
83 45 2 0.0000012020 1390.6250000000 33164  5 2 1 1 48 1 1 1 225 
84 45 2 0.0000012020 1390.6250000000 33164  5 2 1 1 48 1 1 1 225 
85 45 2 0.0000012020 1390.6250000000 33164  5 2 1 1 48 1 1 1 225 
86 45 2 0.0000012020 1390.6250000000 69518  5 2 1 1 48 1 1 1 474 
87 45 2 0.0000012020 1390.6250000000 69518  5 2 1 1 48 1 1 1 474 
88 45 2 0.0000012020 1390.6250000000 33164  5 2 1 1 48 1 1 1 225 
89 45 2 0.0000012020 1390.6250000000 33164  5 2 1 1 48 1 1 1 225 
90 45 2 0.0000012020 1390.6250000000 33164  5 2 1 1 48 1 1 1 225 
91 45 2 0.0000012020 1390.6250000000 33164  5 2 1 1 48 1 1 1 225 
92 45 2 0.0000012020 1390.6250000000 33164  5 2 1 1 48 1 1 1 225 
93 45 2 0.0000012020 1390.6250000000 33164  5 2 1 1 48 1 1 1 225 
94 45 2 0.0000012020 1390.6250000000 33164  5 2 1 1 48 1 1 1 225 
95 45 2 0.0000012020 1390.6250000000 33164  5 2 1 1 48 1 1 1 225 
96 45 2 0.0000012020 1390.6250000000 33164  5 2 1 1 48 1 1 1 225 
97 45 2 0.0000012020 1390.6250000000 33164  5 2 1 1 48 1 1 1 225 
98 45 2 0.0000012020 1390.6250000000 33164  5 2 1 1 48 1 1 1 225 
99 45 2 0.0000012020 1390.6250000000 33164  5 2 1 1 48 1 1 1 225 
