0 0.0075064027 5031.2500000000
0 0 4 0.0036117623 2890.6250000000 6231  48 3 2 1 1 2 1 12 1 1 1 1 1 1 379 
1 0 4 0.0036117623 2890.6250000000 43574  45 3 2 1 1 2 1 100 1 1 1 1 1 1 379 
2 0 4 0.0036117623 2890.6250000000 6174  45 3 2 1 1 2 1 12 1 1 1 1 1 1 379 
3 0 4 0.0025033176 1390.6250000000 5908  31 3 2 1 1 2 1 12 1 1 1 1 1 1 379 
4 0 4 0.0025033176 1390.6250000000 5908  31 3 2 1 1 2 1 12 1 1 1 1 1 1 379 
5 0 4 0.0025033176 1390.6250000000 5908  31 3 2 1 1 2 1 12 1 1 1 1 1 1 379 
6 0 4 0.0025033176 1390.6250000000 6022  37 3 2 1 1 2 1 12 1 1 1 1 1 1 379 
7 0 4 0.0025033176 1390.6250000000 9562  31 3 2 1 1 2 1 12 1 1 1 1 1 1 640 
8 0 4 0.0025033176 1390.6250000000 5908  31 3 2 1 1 2 1 12 1 1 1 1 1 1 379 
9 0 4 0.0025033176 1390.6250000000 5908  31 3 2 1 1 2 1 12 1 1 1 1 1 1 379 
10 0 4 0.0025033176 1390.6250000000 5908  31 3 2 1 1 2 1 12 1 1 1 1 1 1 379 
11 0 4 0.0025033176 1390.6250000000 5908  31 3 2 1 1 2 1 12 1 1 1 1 1 1 379 
12 0 4 0.0025033176 1390.6250000000 5908  31 3 2 1 1 2 1 12 1 1 1 1 1 1 379 
13 0 4 0.0025033176 1390.6250000000 5338  1 3 2 1 1 2 1 12 1 1 1 1 1 1 379 
14 0 4 0.0025033176 1390.6250000000 5908  31 3 2 1 1 2 1 12 1 1 1 1 1 1 379 
15 0 4 0.0025033176 1390.6250000000 5908  31 3 2 1 1 2 1 12 1 1 1 1 1 1 379 
16 0 4 0.0025033176 1390.6250000000 5908  31 3 2 1 1 2 1 12 1 1 1 1 1 1 379 
17 0 4 0.0025033176 1390.6250000000 5908  31 3 2 1 1 2 1 12 1 1 1 1 1 1 379 
18 0 4 0.0025033176 1390.6250000000 4264  31 3 2 1 1 2 1 8 1 1 1 1 1 1 379 
19 0 4 0.0025033176 1390.6250000000 5908  31 3 2 1 1 2 1 12 1 1 1 1 1 1 379 
20 0 4 0.0025033176 1390.6250000000 5908  31 3 2 1 1 2 1 12 1 1 1 1 1 1 379 
21 0 4 0.0025033176 1390.6250000000 21526  31 3 2 1 1 2 1 50 1 1 1 1 1 1 379 
22 0 4 0.0025033176 1390.6250000000 6231  48 3 2 1 1 2 1 12 1 1 1 1 1 1 379 
23 0 4 0.0025033176 1390.6250000000 5908  31 3 2 1 1 2 1 12 1 1 1 1 1 1 379 
24 0 4 0.0023992469 2093.7500000000 6155  44 3 2 1 1 2 1 12 1 1 1 1 1 1 379 
25 0 4 0.0023992469 2093.7500000000 6155  44 3 2 1 1 2 1 12 1 1 1 1 1 1 379 
26 0 4 0.0023992469 2093.7500000000 6155  44 3 2 1 1 2 1 12 1 1 1 1 1 1 379 
27 0 4 0.0023992469 2093.7500000000 6155  44 3 2 1 1 2 1 12 1 1 1 1 1 1 379 
28 0 4 0.0023992469 2093.7500000000 5870  29 3 2 1 1 2 1 12 1 1 1 1 1 1 379 
29 0 4 0.0023992469 2093.7500000000 6155  44 3 2 1 1 2 1 12 1 1 1 1 1 1 379 
30 0 4 0.0023992469 2093.7500000000 6155  44 3 2 1 1 2 1 12 1 1 1 1 1 1 379 
31 0 4 0.0023992469 2093.7500000000 6155  44 3 2 1 1 2 1 12 1 1 1 1 1 1 379 
32 0 4 0.0023992469 2093.7500000000 6155  44 3 2 1 1 2 1 12 1 1 1 1 1 1 379 
33 33 0 0.0023324445 968.7500000000 16554  44 3 2 1 1 2 1 97 1 1 1 1 1 1 120 
34 33 0 0.0023324445 968.7500000000 16554  44 3 2 1 1 2 1 97 1 1 1 1 1 1 120 
35 33 0 0.0023324445 968.7500000000 15098  30 3 2 1 1 2 1 97 1 1 1 1 1 1 120 
36 33 0 0.0023324445 968.7500000000 15098  30 3 2 1 1 2 1 97 1 1 1 1 1 1 120 
37 33 0 0.0023324445 968.7500000000 16554  44 3 2 1 1 2 1 97 1 1 1 1 1 1 120 
38 33 0 0.0023324445 968.7500000000 16466  44 2 2 1 1 2 1 97 1 1 1 1 1 1 120 
39 33 0 0.0023324445 968.7500000000 16554  44 3 2 1 1 2 1 97 1 1 1 1 1 1 120 
40 33 0 0.0023324445 968.7500000000 16554  44 3 2 1 1 2 1 97 1 1 1 1 1 1 120 
41 33 0 0.0023324445 968.7500000000 16554  44 3 2 1 1 2 1 97 1 1 1 1 1 1 120 
42 33 0 0.0023324445 968.7500000000 16554  44 3 2 1 1 2 1 97 1 1 1 1 1 1 120 
43 33 0 0.0023324445 968.7500000000 4394  4 3 2 1 1 2 1 33 1 1 1 1 1 1 120 
44 33 0 0.0023324445 968.7500000000 12394  4 3 2 1 1 2 1 97 1 1 1 1 1 1 120 
45 33 0 0.0023324445 968.7500000000 16554  44 3 2 1 1 2 1 97 1 1 1 1 1 1 120 
46 33 0 0.0023324445 968.7500000000 16554  44 3 2 1 1 2 1 97 1 1 1 1 1 1 120 
47 33 0 0.0023324445 968.7500000000 16554  44 3 2 1 1 2 1 97 1 1 1 1 1 1 120 
48 33 0 0.0023324445 968.7500000000 18633  44 3 2 1 1 2 1 97 1 1 1 1 1 1 141 
49 33 0 0.0023324445 968.7500000000 40393  44 3 2 1 1 2 1 51 1 1 1 1 1 1 713 
50 33 0 0.0023324445 968.7500000000 16554  44 3 2 1 1 2 1 97 1 1 1 1 1 1 120 
51 33 0 0.0023324445 968.7500000000 16554  44 3 2 1 1 2 1 97 1 1 1 1 1 1 120 
52 33 0 0.0023324445 968.7500000000 13746  17 3 2 1 1 2 1 97 1 1 1 1 1 1 120 
53 33 0 0.0023324445 968.7500000000 16642  44 4 2 1 1 1 1 97 1 1 1 1 1 1 120 
54 33 0 0.0023324445 968.7500000000 16554  44 3 2 1 1 2 1 97 1 1 1 1 1 1 120 
55 33 0 0.0023324445 968.7500000000 16970  48 3 2 1 1 2 1 97 1 1 1 1 1 1 120 
56 33 0 0.0023324445 968.7500000000 16970  48 3 2 1 1 2 1 97 1 1 1 1 1 1 120 
57 33 0 0.0023324445 968.7500000000 16970  48 3 2 1 1 2 1 97 1 1 1 1 1 1 120 
58 33 0 0.0023324445 968.7500000000 86844  44 3 2 1 1 2 1 97 1 1 1 1 1 1 830 
59 33 0 0.0023324445 968.7500000000 16554  44 3 2 1 1 2 1 97 1 1 1 1 1 1 120 
60 33 0 0.0023324445 968.7500000000 16554  44 3 2 1 1 2 1 97 1 1 1 1 1 1 120 
61 33 0 0.0023324445 968.7500000000 16554  44 3 2 1 1 2 1 97 1 1 1 1 1 1 120 
62 33 0 0.0023324445 968.7500000000 16554  44 3 2 1 1 2 1 97 1 1 1 1 1 1 120 
63 33 0 0.0023324445 968.7500000000 16554  44 3 2 1 1 2 1 97 1 1 1 1 1 1 120 
64 33 0 0.0023324445 968.7500000000 16554  44 3 2 1 1 2 1 97 1 1 1 1 1 1 120 
65 33 0 0.0023324445 968.7500000000 16554  44 3 2 1 1 2 1 97 1 1 1 1 1 1 120 
66 33 0 0.0023324445 968.7500000000 16554  44 3 2 1 1 2 1 97 1 1 1 1 1 1 120 
67 33 0 0.0023324445 968.7500000000 16554  44 3 2 1 1 2 1 97 1 1 1 1 1 1 120 
68 33 0 0.0023324445 968.7500000000 16554  44 3 2 1 1 2 1 97 1 1 1 1 1 1 120 
69 33 0 0.0023324445 968.7500000000 16762  46 3 2 1 1 2 1 97 1 1 1 1 1 1 120 
70 33 0 0.0023324445 968.7500000000 16554  44 3 2 1 1 2 1 97 1 1 1 1 1 1 120 
71 33 0 0.0023324445 968.7500000000 16554  44 3 2 1 1 2 1 97 1 1 1 1 1 1 120 
72 33 0 0.0023324445 968.7500000000 16554  44 3 2 1 1 2 1 97 1 1 1 1 1 1 120 
73 33 0 0.0023324445 968.7500000000 16554  44 3 2 1 1 2 1 97 1 1 1 1 1 1 120 
74 33 0 0.0023324445 968.7500000000 16554  44 3 2 1 1 2 1 97 1 1 1 1 1 1 120 
75 33 0 0.0023324445 968.7500000000 14409  44 3 2 1 1 2 1 84 1 1 1 1 1 1 120 
76 33 0 0.0023324445 968.7500000000 14409  44 3 2 1 1 2 1 84 1 1 1 1 1 1 120 
77 33 0 0.0023324445 968.7500000000 14409  44 3 2 1 1 2 1 84 1 1 1 1 1 1 120 
78 33 0 0.0023324445 968.7500000000 12594  44 3 2 1 1 2 1 73 1 1 1 1 1 1 120 
79 33 0 0.0023324445 968.7500000000 12594  44 3 2 1 1 2 1 73 1 1 1 1 1 1 120 
80 33 0 0.0023324445 968.7500000000 16554  44 3 2 1 1 2 1 97 1 1 1 1 1 1 120 
81 33 0 0.0023324445 968.7500000000 16554  44 3 2 1 1 2 1 97 1 1 1 1 1 1 120 
82 33 0 0.0023324445 968.7500000000 63480  44 3 2 1 1 2 1 97 1 1 1 1 1 1 594 
83 33 0 0.0023324445 968.7500000000 16554  44 3 2 1 1 2 1 97 1 1 1 1 1 1 120 
84 33 0 0.0023324445 968.7500000000 16554  44 3 2 1 1 2 1 97 1 1 1 1 1 1 120 
85 33 0 0.0023324445 968.7500000000 16554  44 3 2 1 1 2 1 97 1 1 1 1 1 1 120 
86 33 0 0.0023324445 968.7500000000 85260  44 3 2 1 1 2 1 97 1 1 1 1 1 1 814 
87 33 0 0.0023324445 968.7500000000 85260  44 3 2 1 1 2 1 97 1 1 1 1 1 1 814 
88 33 0 0.0023324445 968.7500000000 85260  44 3 2 1 1 2 1 97 1 1 1 1 1 1 814 
89 33 0 0.0023324445 968.7500000000 16554  44 3 2 1 1 2 1 97 1 1 1 1 1 1 120 
90 33 0 0.0023324445 968.7500000000 16554  44 3 2 1 1 2 1 97 1 1 1 1 1 1 120 
91 33 0 0.0023324445 968.7500000000 16554  44 3 2 1 1 2 1 97 1 1 1 1 1 1 120 
92 33 0 0.0023324445 968.7500000000 16554  44 3 2 1 1 2 1 97 1 1 1 1 1 1 120 
93 33 0 0.0023324445 968.7500000000 12498  5 3 2 1 1 2 1 97 1 1 1 1 1 1 120 
94 33 0 0.0023324445 968.7500000000 16554  44 3 2 1 1 2 1 97 1 1 1 1 1 1 120 
95 33 0 0.0023324445 968.7500000000 16970  48 3 2 1 1 2 1 97 1 1 1 1 1 1 120 
96 33 0 0.0023324445 968.7500000000 16554  44 3 2 1 1 2 1 97 1 1 1 1 1 1 120 
97 33 0 0.0023324445 968.7500000000 16554  44 3 2 1 1 2 1 97 1 1 1 1 1 1 120 
98 33 0 0.0023324445 968.7500000000 16554  44 3 2 1 1 2 1 97 1 1 1 1 1 1 120 
99 33 0 0.0023324445 968.7500000000 16554  44 3 2 1 1 2 1 97 1 1 1 1 1 1 120 
