0 0.0000005767 3031.2500000000
0 0 1 0.0000000898 2281.2500000000 177173  48 2 1 1 60 1 1 1 956 
1 1 6 0.0000000589 1921.8750000000 244264  48 2 1 1 83 1 1 1 956 
2 1 6 0.0000000589 1921.8750000000 244264  48 2 1 1 83 1 1 1 956 
3 1 6 0.0000000589 1921.8750000000 244264  48 2 1 1 83 1 1 1 956 
4 1 6 0.0000000589 1921.8750000000 16738  48 2 1 1 5 1 1 1 956 
5 1 6 0.0000000589 1921.8750000000 49237  48 2 1 1 83 1 1 1 179 
6 6 2 0.0000000528 890.6250000000 177173  48 2 1 1 60 1 1 1 956 
7 6 2 0.0000000528 890.6250000000 177173  48 2 1 1 60 1 1 1 956 
8 6 2 0.0000000528 890.6250000000 177173  48 2 1 1 60 1 1 1 956 
9 6 2 0.0000000528 890.6250000000 177173  48 2 1 1 60 1 1 1 956 
10 6 2 0.0000000528 890.6250000000 177173  48 2 1 1 60 1 1 1 956 
11 6 2 0.0000000528 890.6250000000 177173  48 2 1 1 60 1 1 1 956 
12 6 2 0.0000000528 890.6250000000 176328  35 2 1 1 60 1 1 1 956 
13 6 2 0.0000000528 890.6250000000 177173  48 2 1 1 60 1 1 1 956 
14 6 2 0.0000000528 890.6250000000 177173  48 2 1 1 60 1 1 1 956 
15 6 2 0.0000000528 890.6250000000 29753  48 2 1 1 60 1 1 1 146 
16 6 2 0.0000000528 890.6250000000 177173  48 2 1 1 60 1 1 1 956 
17 17 1 0.0000000525 2218.7500000000 109159  48 2 1 1 54 1 1 1 648 
18 17 1 0.0000000525 2218.7500000000 17481  48 2 1 1 8 1 1 1 648 
19 17 1 0.0000000525 2218.7500000000 17481  48 2 1 1 8 1 1 1 648 
1 0.0000001615 1671.8750000000
0 0 5 0.0000000598 1171.8750000000 82667  16 2 1 1 90 1 1 1 298 
1 0 5 0.0000000598 1171.8750000000 16843  16 2 1 1 90 1 1 1 56 
2 0 5 0.0000000598 1171.8750000000 82667  16 2 1 1 90 1 1 1 298 
3 0 5 0.0000000598 1171.8750000000 82667  16 2 1 1 90 1 1 1 298 
4 0 5 0.0000000598 1171.8750000000 82667  16 2 1 1 90 1 1 1 298 
5 0 5 0.0000000598 1171.8750000000 23452  16 2 1 1 25 1 1 1 298 
6 0 5 0.0000000598 1171.8750000000 82667  16 2 1 1 90 1 1 1 298 
7 0 5 0.0000000598 1171.8750000000 82667  16 2 1 1 90 1 1 1 298 
8 0 5 0.0000000598 1171.8750000000 213771  16 2 1 1 90 1 1 1 780 
9 0 5 0.0000000598 1171.8750000000 213771  16 2 1 1 90 1 1 1 780 
10 0 5 0.0000000598 1171.8750000000 82667  16 2 1 1 90 1 1 1 298 
11 0 5 0.0000000598 1171.8750000000 82667  16 2 1 1 90 1 1 1 298 
12 12 3 0.0000000534 1000.0000000000 82667  16 2 1 1 90 1 1 1 298 
13 12 3 0.0000000534 1000.0000000000 82667  16 2 1 1 90 1 1 1 298 
14 12 3 0.0000000534 1000.0000000000 82667  16 2 1 1 90 1 1 1 298 
15 12 3 0.0000000534 1000.0000000000 82667  16 2 1 1 90 1 1 1 298 
16 12 3 0.0000000534 1000.0000000000 82667  16 2 1 1 90 1 1 1 298 
17 12 3 0.0000000534 1000.0000000000 45316  16 2 1 1 49 1 1 1 298 
18 12 3 0.0000000534 1000.0000000000 82667  16 2 1 1 90 1 1 1 298 
19 12 3 0.0000000534 1000.0000000000 82667  16 2 1 1 90 1 1 1 298 
