0 0.0000000594 9515.6250000000
0 0 1 0.0000000476 2015.6250000000 75036  39 2 1 1 66 1 1 1 361 
1 0 1 0.0000000476 2015.6250000000 75036  39 2 1 1 66 1 1 1 361 
2 0 1 0.0000000319 2109.3750000000 75036  39 2 1 1 66 1 1 1 361 
3 0 1 0.0000000319 2109.3750000000 75036  39 2 1 1 66 1 1 1 361 
4 4 0 0.0000000188 2296.8750000000 87703  16 2 1 1 79 1 1 1 361 
5 4 0 0.0000000188 2296.8750000000 87703  16 2 1 1 79 1 1 1 361 
6 4 0 0.0000000188 2296.8750000000 87703  16 2 1 1 79 1 1 1 361 
7 4 0 0.0000000188 2296.8750000000 87703  16 2 1 1 79 1 1 1 361 
8 4 0 0.0000000188 2296.8750000000 87703  16 2 1 1 79 1 1 1 361 
9 4 0 0.0000000188 2296.8750000000 87703  16 2 1 1 79 1 1 1 361 
10 4 0 0.0000000119 2703.1250000000 90139  45 2 1 1 79 1 1 1 361 
11 4 0 0.0000000119 2703.1250000000 68868  45 2 1 1 79 1 1 1 272 
12 4 0 0.0000000119 2703.1250000000 90139  45 2 1 1 79 1 1 1 361 
13 4 0 0.0000000119 2703.1250000000 90139  45 2 1 1 79 1 1 1 361 
14 4 0 0.0000000119 2703.1250000000 90139  45 2 1 1 79 1 1 1 361 
15 4 0 0.0000000119 2703.1250000000 42339  45 2 1 1 79 1 1 1 161 
16 4 0 0.0000000119 2703.1250000000 90139  45 2 1 1 79 1 1 1 361 
17 4 0 0.0000000119 2703.1250000000 90139  45 2 1 1 79 1 1 1 361 
18 4 0 0.0000000119 2703.1250000000 90139  45 2 1 1 79 1 1 1 361 
19 4 0 0.0000000119 2703.1250000000 65301  45 2 1 1 57 1 1 1 361 
20 4 0 0.0000000119 2703.1250000000 85623  45 2 1 1 75 1 1 1 361 
21 4 0 0.0000000119 2703.1250000000 89010  45 2 1 1 78 1 1 1 361 
22 4 0 0.0000000119 2703.1250000000 90139  45 2 1 1 79 1 1 1 361 
23 4 0 0.0000000119 2703.1250000000 69585  45 2 1 1 79 1 1 1 275 
24 4 0 0.0000000119 2703.1250000000 180481  45 2 1 1 79 1 1 1 739 
25 4 0 0.0000000119 2703.1250000000 90139  45 2 1 1 79 1 1 1 361 
26 4 0 0.0000000119 2703.1250000000 90139  45 2 1 1 79 1 1 1 361 
27 4 0 0.0000000119 2703.1250000000 90139  45 2 1 1 79 1 1 1 361 
28 4 0 0.0000000119 2703.1250000000 90139  45 2 1 1 79 1 1 1 361 
29 4 0 0.0000000119 2703.1250000000 90139  45 2 1 1 79 1 1 1 361 
30 4 0 0.0000000119 2703.1250000000 90139  45 2 1 1 79 1 1 1 361 
31 4 0 0.0000000119 2703.1250000000 90139  45 2 1 1 79 1 1 1 361 
32 4 0 0.0000000119 2703.1250000000 90139  45 2 1 1 79 1 1 1 361 
33 4 0 0.0000000119 2703.1250000000 90139  45 2 1 1 79 1 1 1 361 
34 4 0 0.0000000119 2703.1250000000 90139  45 2 1 1 79 1 1 1 361 
35 4 0 0.0000000119 2703.1250000000 90139  45 2 1 1 79 1 1 1 361 
36 4 0 0.0000000119 2703.1250000000 90139  45 2 1 1 79 1 1 1 361 
37 4 0 0.0000000119 2703.1250000000 90139  45 2 1 1 79 1 1 1 361 
38 4 0 0.0000000119 2703.1250000000 90139  45 2 1 1 79 1 1 1 361 
39 4 0 0.0000000119 2703.1250000000 89551  38 2 1 1 79 1 1 1 361 
40 4 0 0.0000000119 2703.1250000000 90139  45 2 1 1 79 1 1 1 361 
41 4 0 0.0000000119 2703.1250000000 90139  45 2 1 1 79 1 1 1 361 
42 4 0 0.0000000119 2703.1250000000 90139  45 2 1 1 79 1 1 1 361 
43 4 0 0.0000000119 2703.1250000000 90139  45 2 1 1 79 1 1 1 361 
44 4 0 0.0000000119 2703.1250000000 90139  45 2 1 1 79 1 1 1 361 
45 4 0 0.0000000119 2703.1250000000 90139  45 2 1 1 79 1 1 1 361 
46 4 0 0.0000000119 2703.1250000000 81774  45 2 1 1 79 1 1 1 326 
47 4 0 0.0000000119 2703.1250000000 90139  45 2 1 1 79 1 1 1 361 
48 4 0 0.0000000119 2703.1250000000 90139  45 2 1 1 79 1 1 1 361 
49 4 0 0.0000000119 2703.1250000000 101850  45 2 1 1 79 1 1 1 410 
50 4 0 0.0000000119 2703.1250000000 90055  44 2 1 1 79 1 1 1 361 
51 4 0 0.0000000119 2703.1250000000 90055  44 2 1 1 79 1 1 1 361 
52 4 0 0.0000000119 2703.1250000000 90139  45 2 1 1 79 1 1 1 361 
53 4 0 0.0000000119 2703.1250000000 90139  45 2 1 1 79 1 1 1 361 
54 4 0 0.0000000119 2703.1250000000 90139  45 2 1 1 79 1 1 1 361 
55 4 0 0.0000000119 2703.1250000000 90139  45 2 1 1 79 1 1 1 361 
56 4 0 0.0000000119 2703.1250000000 90139  45 2 1 1 79 1 1 1 361 
57 4 0 0.0000000119 2703.1250000000 89719  40 2 1 1 79 1 1 1 361 
58 4 0 0.0000000119 2703.1250000000 90139  45 2 1 1 79 1 1 1 361 
59 4 0 0.0000000119 2703.1250000000 90139  45 2 1 1 79 1 1 1 361 
60 4 0 0.0000000119 2703.1250000000 90139  45 2 1 1 79 1 1 1 361 
61 4 0 0.0000000119 2703.1250000000 90139  45 2 1 1 79 1 1 1 361 
62 4 0 0.0000000119 2703.1250000000 90139  45 2 1 1 79 1 1 1 361 
63 4 0 0.0000000119 2703.1250000000 90139  45 2 1 1 79 1 1 1 361 
64 4 0 0.0000000119 2703.1250000000 101372  45 2 1 1 79 1 1 1 408 
65 4 0 0.0000000119 2703.1250000000 90139  45 2 1 1 79 1 1 1 361 
66 4 0 0.0000000119 2703.1250000000 90139  45 2 1 1 79 1 1 1 361 
67 4 0 0.0000000119 2703.1250000000 90139  45 2 1 1 79 1 1 1 361 
68 4 0 0.0000000119 2703.1250000000 87115  9 2 1 1 79 1 1 1 361 
69 4 0 0.0000000119 2703.1250000000 90139  45 2 1 1 79 1 1 1 361 
70 4 0 0.0000000119 2703.1250000000 90139  45 2 1 1 79 1 1 1 361 
71 4 0 0.0000000119 2703.1250000000 73204  45 2 1 1 64 1 1 1 361 
72 4 0 0.0000000119 2703.1250000000 133637  45 2 1 1 79 1 1 1 543 
73 4 0 0.0000000119 2703.1250000000 133637  45 2 1 1 79 1 1 1 543 
74 4 0 0.0000000119 2703.1250000000 90139  45 2 1 1 79 1 1 1 361 
75 4 0 0.0000000119 2703.1250000000 90139  45 2 1 1 79 1 1 1 361 
76 4 0 0.0000000119 2703.1250000000 14854  45 2 1 1 79 1 1 1 46 
77 4 0 0.0000000119 2703.1250000000 90139  45 2 1 1 79 1 1 1 361 
78 4 0 0.0000000119 2703.1250000000 90139  45 2 1 1 79 1 1 1 361 
79 4 0 0.0000000119 2703.1250000000 90139  45 2 1 1 79 1 1 1 361 
80 4 0 0.0000000119 2703.1250000000 90139  45 2 1 1 79 1 1 1 361 
81 4 0 0.0000000119 2703.1250000000 95784  45 2 1 1 84 1 1 1 361 
82 4 0 0.0000000119 2703.1250000000 26915  45 2 1 1 23 1 1 1 361 
83 4 0 0.0000000119 2703.1250000000 26915  45 2 1 1 23 1 1 1 361 
84 4 0 0.0000000119 2703.1250000000 90139  45 2 1 1 79 1 1 1 361 
85 4 0 0.0000000119 2703.1250000000 90139  45 2 1 1 79 1 1 1 361 
86 4 0 0.0000000119 2703.1250000000 90139  45 2 1 1 79 1 1 1 361 
87 4 0 0.0000000119 2703.1250000000 90139  45 2 1 1 79 1 1 1 361 
88 4 0 0.0000000119 2703.1250000000 90139  45 2 1 1 79 1 1 1 361 
89 4 0 0.0000000119 2703.1250000000 90139  45 2 1 1 79 1 1 1 361 
90 4 0 0.0000000119 2703.1250000000 90139  45 2 1 1 79 1 1 1 361 
91 4 0 0.0000000119 2703.1250000000 65301  45 2 1 1 57 1 1 1 361 
92 4 0 0.0000000119 2703.1250000000 90139  45 2 1 1 79 1 1 1 361 
93 4 0 0.0000000119 2703.1250000000 90139  45 2 1 1 79 1 1 1 361 
94 4 0 0.0000000119 2703.1250000000 90139  45 2 1 1 79 1 1 1 361 
95 4 0 0.0000000119 2703.1250000000 90139  45 2 1 1 79 1 1 1 361 
96 4 0 0.0000000119 2703.1250000000 90139  45 2 1 1 79 1 1 1 361 
97 4 0 0.0000000119 2703.1250000000 93526  45 2 1 1 82 1 1 1 361 
98 4 0 0.0000000119 2703.1250000000 90139  45 2 1 1 79 1 1 1 361 
99 4 0 0.0000000119 2703.1250000000 90139  45 2 1 1 79 1 1 1 361 
100 4 0 0.0000000119 2703.1250000000 90139  45 2 1 1 79 1 1 1 361 
101 4 0 0.0000000119 2703.1250000000 90139  45 2 1 1 79 1 1 1 361 
102 4 0 0.0000000119 2703.1250000000 90139  45 2 1 1 79 1 1 1 361 
103 4 0 0.0000000119 2703.1250000000 88039  20 2 1 1 79 1 1 1 361 
104 4 0 0.0000000119 2703.1250000000 237124  45 2 1 1 79 1 1 1 976 
105 4 0 0.0000000119 2703.1250000000 44490  45 2 1 1 79 1 1 1 170 
106 4 0 0.0000000119 2703.1250000000 90139  45 2 1 1 79 1 1 1 361 
107 4 0 0.0000000119 2703.1250000000 90139  45 2 1 1 79 1 1 1 361 
108 4 0 0.0000000119 2703.1250000000 90139  45 2 1 1 79 1 1 1 361 
109 4 0 0.0000000119 2703.1250000000 90139  45 2 1 1 79 1 1 1 361 
110 4 0 0.0000000119 2703.1250000000 84642  45 2 1 1 79 1 1 1 338 
111 4 0 0.0000000119 2703.1250000000 13659  45 2 1 1 79 1 1 1 41 
112 4 0 0.0000000119 2703.1250000000 13659  45 2 1 1 79 1 1 1 41 
113 4 0 0.0000000119 2703.1250000000 90139  45 2 1 1 79 1 1 1 361 
114 4 0 0.0000000119 2703.1250000000 90139  45 2 1 1 79 1 1 1 361 
115 4 0 0.0000000119 2703.1250000000 90139  45 2 1 1 79 1 1 1 361 
116 4 0 0.0000000119 2703.1250000000 90139  45 2 1 1 79 1 1 1 361 
117 4 0 0.0000000119 2703.1250000000 90139  45 2 1 1 79 1 1 1 361 
118 4 0 0.0000000119 2703.1250000000 90139  45 2 1 1 79 1 1 1 361 
119 4 0 0.0000000119 2703.1250000000 90139  45 2 1 1 79 1 1 1 361 
120 4 0 0.0000000119 2703.1250000000 88711  28 2 1 1 79 1 1 1 361 
121 4 0 0.0000000119 2703.1250000000 90139  45 2 1 1 79 1 1 1 361 
122 4 0 0.0000000119 2703.1250000000 90139  45 2 1 1 79 1 1 1 361 
123 4 0 0.0000000119 2703.1250000000 90139  45 2 1 1 79 1 1 1 361 
124 4 0 0.0000000119 2703.1250000000 90139  45 2 1 1 79 1 1 1 361 
125 4 0 0.0000000119 2703.1250000000 90139  45 2 1 1 79 1 1 1 361 
126 4 0 0.0000000119 2703.1250000000 27847  45 2 1 1 15 1 1 1 573 
127 4 0 0.0000000119 2703.1250000000 140807  45 2 1 1 79 1 1 1 573 
128 4 0 0.0000000119 2703.1250000000 90139  45 2 1 1 79 1 1 1 361 
129 4 0 0.0000000119 2703.1250000000 90139  45 2 1 1 79 1 1 1 361 
130 4 0 0.0000000119 2703.1250000000 90139  45 2 1 1 79 1 1 1 361 
131 4 0 0.0000000119 2703.1250000000 90139  45 2 1 1 79 1 1 1 361 
132 4 0 0.0000000119 2703.1250000000 90139  45 2 1 1 79 1 1 1 361 
133 4 0 0.0000000119 2703.1250000000 119446  45 2 1 1 65 1 1 1 590 
134 4 0 0.0000000119 2703.1250000000 90139  45 2 1 1 79 1 1 1 361 
135 4 0 0.0000000119 2703.1250000000 90139  45 2 1 1 79 1 1 1 361 
136 4 0 0.0000000119 2703.1250000000 90139  45 2 1 1 79 1 1 1 361 
137 4 0 0.0000000119 2703.1250000000 90139  45 2 1 1 79 1 1 1 361 
138 4 0 0.0000000119 2703.1250000000 195538  45 2 1 1 79 1 1 1 802 
139 4 0 0.0000000119 2703.1250000000 90139  45 2 1 1 79 1 1 1 361 
140 4 0 0.0000000119 2703.1250000000 90139  45 2 1 1 79 1 1 1 361 
141 4 0 0.0000000119 2703.1250000000 90139  45 2 1 1 79 1 1 1 361 
142 4 0 0.0000000119 2703.1250000000 90139  45 2 1 1 79 1 1 1 361 
143 4 0 0.0000000119 2703.1250000000 90139  45 2 1 1 79 1 1 1 361 
144 4 0 0.0000000119 2703.1250000000 89635  39 2 1 1 79 1 1 1 361 
145 4 0 0.0000000119 2703.1250000000 86863  6 2 1 1 79 1 1 1 361 
146 4 0 0.0000000119 2703.1250000000 90139  45 2 1 1 79 1 1 1 361 
147 4 0 0.0000000119 2703.1250000000 87032  45 2 1 1 79 1 1 1 348 
148 4 0 0.0000000119 2703.1250000000 87032  45 2 1 1 79 1 1 1 348 
149 4 0 0.0000000119 2703.1250000000 87032  45 2 1 1 79 1 1 1 348 
150 4 0 0.0000000119 2703.1250000000 71258  45 2 1 1 79 1 1 1 282 
151 4 0 0.0000000119 2703.1250000000 90139  45 2 1 1 79 1 1 1 361 
152 4 0 0.0000000119 2703.1250000000 90139  45 2 1 1 79 1 1 1 361 
153 4 0 0.0000000119 2703.1250000000 90139  45 2 1 1 79 1 1 1 361 
154 4 0 0.0000000119 2703.1250000000 90139  45 2 1 1 79 1 1 1 361 
155 4 0 0.0000000119 2703.1250000000 48366  45 2 1 1 42 1 1 1 361 
156 4 0 0.0000000119 2703.1250000000 90139  45 2 1 1 79 1 1 1 361 
157 4 0 0.0000000119 2703.1250000000 90139  45 2 1 1 79 1 1 1 361 
158 4 0 0.0000000119 2703.1250000000 90139  45 2 1 1 79 1 1 1 361 
159 4 0 0.0000000119 2703.1250000000 90139  45 2 1 1 79 1 1 1 361 
160 4 0 0.0000000119 2703.1250000000 90139  45 2 1 1 79 1 1 1 361 
161 4 0 0.0000000119 2703.1250000000 90139  45 2 1 1 79 1 1 1 361 
162 4 0 0.0000000119 2703.1250000000 171638  45 2 1 1 79 1 1 1 702 
163 4 0 0.0000000119 2703.1250000000 90139  45 2 1 1 79 1 1 1 361 
164 4 0 0.0000000119 2703.1250000000 90139  45 2 1 1 79 1 1 1 361 
165 4 0 0.0000000119 2703.1250000000 89971  43 2 1 1 79 1 1 1 361 
166 4 0 0.0000000119 2703.1250000000 115305  43 2 1 1 79 1 1 1 467 
167 4 0 0.0000000119 2703.1250000000 88543  26 2 1 1 79 1 1 1 361 
168 4 0 0.0000000119 2703.1250000000 90139  45 2 1 1 79 1 1 1 361 
169 4 0 0.0000000119 2703.1250000000 136983  45 2 1 1 79 1 1 1 557 
170 4 0 0.0000000119 2703.1250000000 90139  45 2 1 1 79 1 1 1 361 
171 4 0 0.0000000119 2703.1250000000 90139  45 2 1 1 79 1 1 1 361 
172 4 0 0.0000000119 2703.1250000000 99938  45 2 1 1 79 1 1 1 402 
173 4 0 0.0000000119 2703.1250000000 90139  45 2 1 1 79 1 1 1 361 
174 4 0 0.0000000119 2703.1250000000 131725  45 2 1 1 79 1 1 1 535 
175 4 0 0.0000000119 2703.1250000000 90139  45 2 1 1 79 1 1 1 361 
176 4 0 0.0000000119 2703.1250000000 89971  43 2 1 1 79 1 1 1 361 
177 4 0 0.0000000119 2703.1250000000 86863  6 2 1 1 79 1 1 1 361 
178 4 0 0.0000000119 2703.1250000000 90139  45 2 1 1 79 1 1 1 361 
179 4 0 0.0000000119 2703.1250000000 90139  45 2 1 1 79 1 1 1 361 
180 4 0 0.0000000119 2703.1250000000 90139  45 2 1 1 79 1 1 1 361 
181 4 0 0.0000000119 2703.1250000000 16754  45 2 1 1 14 1 1 1 361 
182 4 0 0.0000000119 2703.1250000000 6489  45 2 1 1 79 1 1 1 11 
183 4 0 0.0000000119 2703.1250000000 119297  45 2 1 1 79 1 1 1 483 
184 4 0 0.0000000119 2703.1250000000 90139  45 2 1 1 79 1 1 1 361 
185 4 0 0.0000000119 2703.1250000000 90139  45 2 1 1 79 1 1 1 361 
186 4 0 0.0000000119 2703.1250000000 90139  45 2 1 1 79 1 1 1 361 
187 4 0 0.0000000119 2703.1250000000 127662  45 2 1 1 79 1 1 1 518 
188 4 0 0.0000000119 2703.1250000000 173789  45 2 1 1 79 1 1 1 711 
189 4 0 0.0000000119 2703.1250000000 173789  45 2 1 1 79 1 1 1 711 
190 4 0 0.0000000119 2703.1250000000 90139  45 2 1 1 79 1 1 1 361 
191 4 0 0.0000000119 2703.1250000000 90139  45 2 1 1 79 1 1 1 361 
192 4 0 0.0000000119 2703.1250000000 90139  45 2 1 1 79 1 1 1 361 
193 4 0 0.0000000119 2703.1250000000 90139  45 2 1 1 79 1 1 1 361 
194 4 0 0.0000000119 2703.1250000000 33689  45 2 1 1 29 1 1 1 361 
195 4 0 0.0000000119 2703.1250000000 90139  45 2 1 1 79 1 1 1 361 
196 4 0 0.0000000119 2703.1250000000 90139  45 2 1 1 79 1 1 1 361 
197 4 0 0.0000000119 2703.1250000000 90139  45 2 1 1 79 1 1 1 361 
198 4 0 0.0000000119 2703.1250000000 90139  45 2 1 1 79 1 1 1 361 
199 4 0 0.0000000119 2703.1250000000 90139  45 2 1 1 79 1 1 1 361 