MAPE 
0 0.0045774536 4078.1250000000
0 0 0 0.0022323253 2375.0000000000 44078  41 2 1 1 16 1 1 1 864 
1 0 0 0.0022323253 2375.0000000000 7202  41 2 1 1 2 1 1 1 864 
2 2 2 0.0020835303 1781.2500000000 44078  41 2 1 1 16 1 1 1 864 
3 3 20 0.0019771793 2203.1250000000 44078  41 2 1 1 16 1 1 1 864 
4 3 20 0.0019771793 2203.1250000000 44078  41 2 1 1 16 1 1 1 864 
5 3 20 0.0019771793 2203.1250000000 49278  41 2 1 1 16 1 1 1 968 
6 3 20 0.0019771793 2203.1250000000 44078  41 2 1 1 16 1 1 1 864 
7 3 20 0.0019771793 2203.1250000000 44078  41 2 1 1 16 1 1 1 864 
8 3 20 0.0019771793 2203.1250000000 44078  41 2 1 1 16 1 1 1 864 
9 3 20 0.0019771793 2203.1250000000 44078  41 2 1 1 16 1 1 1 864 
10 3 20 0.0019771793 2203.1250000000 44078  41 2 1 1 16 1 1 1 864 
11 3 20 0.0019771793 2203.1250000000 217922  41 2 1 1 82 1 1 1 864 
12 3 20 0.0019771793 2203.1250000000 44078  41 2 1 1 16 1 1 1 864 
13 3 20 0.0019771793 2203.1250000000 44078  41 2 1 1 16 1 1 1 864 
14 3 20 0.0019771793 2203.1250000000 8978  41 2 1 1 16 1 1 1 162 
15 3 20 0.0019771793 2203.1250000000 44078  41 2 1 1 16 1 1 1 864 
16 3 20 0.0019771793 2203.1250000000 44078  41 2 1 1 16 1 1 1 864 
17 3 20 0.0019771793 2203.1250000000 33542  41 2 1 1 12 1 1 1 864 
18 3 20 0.0019771793 2203.1250000000 44078  41 2 1 1 16 1 1 1 864 
19 3 20 0.0019771793 2203.1250000000 16028  41 2 1 1 16 1 1 1 303 
1 0.0022213614 2000.0000000000
0 0 47 0.0021345470 2218.7500000000 178080  39 2 1 1 62 1 1 1 933 
1 1 11 0.0020699435 1062.5000000000 169563  39 2 1 1 59 1 1 1 933 
2 2 19 0.0020386666 3187.5000000000 146851  39 2 1 1 51 1 1 1 933 
3 3 48 0.0019858466 1796.8750000000 146851  39 2 1 1 51 1 1 1 933 
4 3 48 0.0019858466 1796.8750000000 146851  39 2 1 1 51 1 1 1 933 
5 3 48 0.0019858466 1796.8750000000 146851  39 2 1 1 51 1 1 1 933 
6 3 48 0.0019858466 1796.8750000000 146851  39 2 1 1 51 1 1 1 933 
7 3 48 0.0019858466 1796.8750000000 146851  39 2 1 1 51 1 1 1 933 
8 3 48 0.0019858466 1796.8750000000 146851  39 2 1 1 51 1 1 1 933 
9 3 48 0.0019858466 1796.8750000000 146851  39 2 1 1 51 1 1 1 933 
10 3 48 0.0019858466 1796.8750000000 147019  42 2 1 1 51 1 1 1 933 
