0 0.0016725661 5765.6250000000
0 0 4 0.0008330590 1812.5000000000 1580  43 2 1 1 6 1 1 1 55 
1 0 4 0.0008330590 1812.5000000000 1580  43 2 1 1 6 1 1 1 55 
2 2 0 0.0006751647 1625.0000000000 3043  43 2 1 1 13 1 1 1 55 
3 3 1 0.0003518994 2750.0000000000 6977  42 2 1 1 32 1 1 1 55 
4 4 3 0.0001681903 2781.2500000000 17100  7 2 1 1 98 1 1 1 55 
5 4 3 0.0001681903 2781.2500000000 17962  7 2 1 1 8 1 1 1 687 
6 4 3 0.0001681903 2781.2500000000 187300  7 2 1 1 98 1 1 1 630 
7 4 3 0.0001681903 2781.2500000000 17100  7 2 1 1 98 1 1 1 55 
8 4 3 0.0001681903 2781.2500000000 1357  7 2 1 1 7 1 1 1 55 
9 4 3 0.0001681903 2781.2500000000 16054  7 2 1 1 7 1 1 1 694 
10 4 3 0.0001681903 2781.2500000000 1357  7 2 1 1 7 1 1 1 55 
11 4 3 0.0001681903 2781.2500000000 1357  7 2 1 1 7 1 1 1 55 
12 4 3 0.0001681903 2781.2500000000 17100  7 2 1 1 98 1 1 1 55 
13 4 3 0.0001681903 2781.2500000000 17100  7 2 1 1 98 1 1 1 55 
14 4 3 0.0001681903 2781.2500000000 17100  7 2 1 1 98 1 1 1 55 
15 4 3 0.0001681903 2781.2500000000 17100  7 2 1 1 98 1 1 1 55 
16 4 3 0.0001681903 2781.2500000000 17100  7 2 1 1 98 1 1 1 55 
17 4 3 0.0001681903 2781.2500000000 17100  7 2 1 1 98 1 1 1 55 
18 4 3 0.0001681903 2781.2500000000 17100  7 2 1 1 98 1 1 1 55 
19 4 3 0.0001681903 2781.2500000000 19057  26 2 1 1 98 1 1 1 55 
20 4 3 0.0001681903 2781.2500000000 18027  16 2 1 1 98 1 1 1 55 
21 4 3 0.0001681903 2781.2500000000 17100  7 2 1 1 98 1 1 1 55 
22 22 2 0.0000799074 2812.5000000000 17100  7 2 1 1 98 1 1 1 55 
23 22 2 0.0000799074 2812.5000000000 18748  23 2 1 1 98 1 1 1 55 
24 22 2 0.0000799074 2812.5000000000 18954  25 2 1 1 98 1 1 1 55 
25 22 2 0.0000799074 2812.5000000000 17100  7 2 1 1 98 1 1 1 55 
26 22 2 0.0000799074 2812.5000000000 94948  7 2 1 1 98 1 1 1 318 
27 22 2 0.0000799074 2812.5000000000 17100  7 2 1 1 98 1 1 1 55 
28 22 2 0.0000799074 2812.5000000000 17100  7 2 1 1 98 1 1 1 55 
29 22 2 0.0000799074 2812.5000000000 103532  7 2 1 1 98 1 1 1 347 
30 22 2 0.0000799074 2812.5000000000 17100  7 2 1 1 98 1 1 1 55 
31 22 2 0.0000795283 1546.8750000000 17100  7 2 1 1 98 1 1 1 55 
32 22 2 0.0000795283 1546.8750000000 17100  7 2 1 1 98 1 1 1 55 
33 22 2 0.0000795283 1546.8750000000 5336  7 2 1 1 30 1 1 1 55 
34 22 2 0.0000795283 1546.8750000000 17100  7 2 1 1 98 1 1 1 55 
35 22 2 0.0000795283 1546.8750000000 17100  7 2 1 1 98 1 1 1 55 
36 22 2 0.0000795283 1546.8750000000 17100  7 2 1 1 98 1 1 1 55 
37 22 2 0.0000795283 1546.8750000000 17100  7 2 1 1 98 1 1 1 55 
38 22 2 0.0000795283 1546.8750000000 17100  7 2 1 1 98 1 1 1 55 
39 22 2 0.0000795283 1546.8750000000 8104  7 2 1 1 46 1 1 1 55 
40 22 2 0.0000795283 1546.8750000000 17100  7 2 1 1 98 1 1 1 55 
41 22 2 0.0000795283 1546.8750000000 17100  7 2 1 1 98 1 1 1 55 
42 22 2 0.0000795283 1546.8750000000 201804  7 2 1 1 98 1 1 1 679 
43 22 2 0.0000795283 1546.8750000000 17100  7 2 1 1 98 1 1 1 55 
44 22 2 0.0000795283 1546.8750000000 17100  7 2 1 1 98 1 1 1 55 
45 22 2 0.0000795283 1546.8750000000 17100  7 2 1 1 98 1 1 1 55 
46 22 2 0.0000795283 1546.8750000000 17512  11 2 1 1 98 1 1 1 55 
47 22 2 0.0000795283 1546.8750000000 17512  11 2 1 1 98 1 1 1 55 
48 22 2 0.0000795283 1546.8750000000 17512  11 2 1 1 98 1 1 1 55 
49 22 2 0.0000795283 1546.8750000000 17100  7 2 1 1 98 1 1 1 55 
50 22 2 0.0000795283 1546.8750000000 17100  7 2 1 1 98 1 1 1 55 
51 22 2 0.0000795283 1546.8750000000 17100  7 2 1 1 98 1 1 1 55 
52 22 2 0.0000795283 1546.8750000000 17100  7 2 1 1 98 1 1 1 55 
53 22 2 0.0000795283 1546.8750000000 17100  7 2 1 1 98 1 1 1 55 
54 22 2 0.0000795283 1546.8750000000 1876  7 2 1 1 10 1 1 1 55 
55 22 2 0.0000795283 1546.8750000000 17100  7 2 1 1 98 1 1 1 55 
56 22 2 0.0000795283 1546.8750000000 20190  37 2 1 1 98 1 1 1 55 
57 22 2 0.0000795283 1546.8750000000 17100  7 2 1 1 98 1 1 1 55 
58 22 2 0.0000795283 1546.8750000000 9700  7 2 1 1 98 1 1 1 30 
59 22 2 0.0000795283 1546.8750000000 152668  7 2 1 1 98 1 1 1 513 
60 22 2 0.0000795283 1546.8750000000 152668  7 2 1 1 98 1 1 1 513 
61 22 2 0.0000795283 1546.8750000000 152668  7 2 1 1 98 1 1 1 513 
62 22 2 0.0000795283 1546.8750000000 60908  7 2 1 1 98 1 1 1 203 
63 22 2 0.0000795283 1546.8750000000 60908  7 2 1 1 98 1 1 1 203 
64 22 2 0.0000795283 1546.8750000000 60908  7 2 1 1 98 1 1 1 203 
65 22 2 0.0000795283 1546.8750000000 67716  7 2 1 1 98 1 1 1 226 
66 22 2 0.0000795283 1546.8750000000 17100  7 2 1 1 98 1 1 1 55 
67 22 2 0.0000795283 1546.8750000000 18748  23 2 1 1 98 1 1 1 55 
68 22 2 0.0000795283 1546.8750000000 17100  7 2 1 1 98 1 1 1 55 
69 22 2 0.0000795283 1546.8750000000 216900  7 2 1 1 98 1 1 1 730 
70 22 2 0.0000795283 1546.8750000000 17100  7 2 1 1 98 1 1 1 55 
71 22 2 0.0000795283 1546.8750000000 21117  46 2 1 1 98 1 1 1 55 
72 22 2 0.0000795283 1546.8750000000 19984  35 2 1 1 98 1 1 1 55 
73 22 2 0.0000795283 1546.8750000000 132168  35 2 1 1 98 1 1 1 434 
74 22 2 0.0000795283 1546.8750000000 19057  26 2 1 1 98 1 1 1 55 
75 22 2 0.0000795283 1546.8750000000 192924  7 2 1 1 98 1 1 1 649 
76 22 2 0.0000795283 1546.8750000000 17100  7 2 1 1 98 1 1 1 55 
77 22 2 0.0000795283 1546.8750000000 17100  7 2 1 1 98 1 1 1 55 
78 22 2 0.0000795283 1546.8750000000 17100  7 2 1 1 98 1 1 1 55 
79 22 2 0.0000795283 1546.8750000000 17100  7 2 1 1 98 1 1 1 55 
80 22 2 0.0000795283 1546.8750000000 100792  35 2 1 1 98 1 1 1 328 
81 81 1 0.0000585363 1750.0000000000 17100  7 2 1 1 98 1 1 1 55 
82 81 1 0.0000585363 1750.0000000000 17100  7 2 1 1 98 1 1 1 55 
83 81 1 0.0000585363 1750.0000000000 17100  7 2 1 1 98 1 1 1 55 
84 81 1 0.0000585363 1750.0000000000 5163  7 2 1 1 29 1 1 1 55 
85 81 1 0.0000585363 1750.0000000000 17100  7 2 1 1 98 1 1 1 55 
86 81 1 0.0000585363 1750.0000000000 17100  7 2 1 1 98 1 1 1 55 
87 81 1 0.0000585363 1750.0000000000 17100  7 2 1 1 98 1 1 1 55 
88 81 1 0.0000585363 1750.0000000000 17100  7 2 1 1 98 1 1 1 55 
89 81 1 0.0000585363 1750.0000000000 17100  7 2 1 1 98 1 1 1 55 
90 81 1 0.0000585363 1750.0000000000 17100  7 2 1 1 98 1 1 1 55 
91 81 1 0.0000585363 1750.0000000000 17100  7 2 1 1 98 1 1 1 55 
92 81 1 0.0000585363 1750.0000000000 225780  7 2 1 1 98 1 1 1 760 
93 81 1 0.0000585363 1750.0000000000 225780  7 2 1 1 98 1 1 1 760 
94 81 1 0.0000585363 1750.0000000000 273140  7 2 1 1 98 1 1 1 920 
95 81 1 0.0000585363 1750.0000000000 17100  7 2 1 1 98 1 1 1 55 
96 81 1 0.0000585363 1750.0000000000 17306  9 2 1 1 98 1 1 1 55 
97 81 1 0.0000585363 1750.0000000000 17100  7 2 1 1 98 1 1 1 55 
98 81 1 0.0000585363 1750.0000000000 17100  7 2 1 1 98 1 1 1 55 
99 81 1 0.0000585363 1750.0000000000 17100  7 2 1 1 98 1 1 1 55 
