0 0.0000005744 4296.8750000000
0 0 5 0.0000001864 2125.0000000000 181275  43 2 1 1 59 1 1 1 997 
1 0 5 0.0000001864 2125.0000000000 181275  43 2 1 1 59 1 1 1 997 
2 2 4 0.0000001829 1734.3750000000 123368  36 2 1 1 59 1 1 1 676 
3 3 0 0.0000001530 1500.0000000000 17848  43 2 1 1 59 1 1 1 84 
4 3 0 0.0000001530 1500.0000000000 17848  43 2 1 1 59 1 1 1 84 
5 3 0 0.0000001530 1500.0000000000 976  43 2 1 1 2 1 1 1 84 
6 6 5 0.0000001183 2062.5000000000 88246  41 2 1 1 59 1 1 1 478 
7 6 5 0.0000001183 2062.5000000000 88246  41 2 1 1 59 1 1 1 478 
8 6 5 0.0000001183 2062.5000000000 88246  41 2 1 1 59 1 1 1 478 
9 6 5 0.0000001183 2062.5000000000 88246  41 2 1 1 59 1 1 1 478 
10 10 0 0.0000001100 1781.2500000000 66408  41 2 1 1 59 1 1 1 356 
11 10 0 0.0000001100 1781.2500000000 66408  41 2 1 1 59 1 1 1 356 
12 10 0 0.0000001100 1781.2500000000 66408  41 2 1 1 59 1 1 1 356 
13 10 0 0.0000001100 1781.2500000000 66408  41 2 1 1 59 1 1 1 356 
14 10 0 0.0000001100 1781.2500000000 66408  41 2 1 1 59 1 1 1 356 
15 10 0 0.0000001100 1781.2500000000 79728  41 2 1 1 71 1 1 1 356 
16 10 0 0.0000001100 1781.2500000000 46360  41 2 1 1 59 1 1 1 244 
17 10 0 0.0000001100 1781.2500000000 19788  41 2 1 1 17 1 1 1 356 
18 10 0 0.0000001100 1781.2500000000 66408  41 2 1 1 59 1 1 1 356 
19 10 0 0.0000001100 1781.2500000000 66408  41 2 1 1 59 1 1 1 356 
