0 0.0078180492 4328.1250000000
0 0 2 0.0099411175 2250.0000000000 65997  2 2 1 1 62 1 1 1 350 
1 1 4 0.0038888910 953.1250000000 26164  8 2 1 1 17 1 1 1 490 
2 1 4 0.0038888910 953.1250000000 26164  8 2 1 1 17 1 1 1 490 
3 1 4 0.0038888910 953.1250000000 26164  8 2 1 1 17 1 1 1 490 
4 1 4 0.0038888910 953.1250000000 26164  8 2 1 1 17 1 1 1 490 
5 1 4 0.0038888910 953.1250000000 26164  8 2 1 1 17 1 1 1 490 
6 1 4 0.0038888910 953.1250000000 26164  8 2 1 1 17 1 1 1 490 
7 1 4 0.0038888910 953.1250000000 26164  8 2 1 1 17 1 1 1 490 
8 1 4 0.0038888910 953.1250000000 26164  8 2 1 1 17 1 1 1 490 
9 9 1 0.0029177647 921.8750000000 19910  8 2 1 1 17 1 1 1 372 
10 9 1 0.0029177647 921.8750000000 45403  8 2 1 1 17 1 1 1 853 
11 9 1 0.0029177647 921.8750000000 19910  8 2 1 1 17 1 1 1 372 
12 9 1 0.0029177647 921.8750000000 19910  8 2 1 1 17 1 1 1 372 
13 9 1 0.0029177647 921.8750000000 19910  8 2 1 1 17 1 1 1 372 
14 9 1 0.0029177647 921.8750000000 19910  8 2 1 1 17 1 1 1 372 
15 9 1 0.0029177647 921.8750000000 46910  8 2 1 1 41 1 1 1 372 
16 9 1 0.0029177647 921.8750000000 47968  31 2 1 1 41 1 1 1 372 
17 9 1 0.0029177647 921.8750000000 46910  8 2 1 1 41 1 1 1 372 
18 9 1 0.0029177647 921.8750000000 19910  8 2 1 1 17 1 1 1 372 
19 9 1 0.0029177647 921.8750000000 19910  8 2 1 1 17 1 1 1 372 
20 9 1 0.0029177647 921.8750000000 30139  8 2 1 1 17 1 1 1 565 
21 9 1 0.0029177647 921.8750000000 19910  8 2 1 1 17 1 1 1 372 
22 9 1 0.0029177647 921.8750000000 19910  8 2 1 1 17 1 1 1 372 
23 9 1 0.0029177647 921.8750000000 19910  8 2 1 1 17 1 1 1 372 
24 9 1 0.0029177647 921.8750000000 19910  8 2 1 1 17 1 1 1 372 
25 9 1 0.0029177647 921.8750000000 31888  8 2 1 1 17 1 1 1 598 
26 9 1 0.0029177647 921.8750000000 37453  8 2 1 1 17 1 1 1 703 
27 9 1 0.0029177647 921.8750000000 19910  8 2 1 1 17 1 1 1 372 
28 9 1 0.0029177647 921.8750000000 19910  8 2 1 1 17 1 1 1 372 
29 9 1 0.0029177647 921.8750000000 19910  8 2 1 1 17 1 1 1 372 
30 9 1 0.0029177647 921.8750000000 19910  8 2 1 1 17 1 1 1 372 
31 9 1 0.0029177647 921.8750000000 19910  8 2 1 1 17 1 1 1 372 
32 9 1 0.0029177647 921.8750000000 19910  8 2 1 1 17 1 1 1 372 
33 9 1 0.0029177647 921.8750000000 22607  8 2 1 1 14 1 1 1 510 
34 9 1 0.0029177647 921.8750000000 19910  8 2 1 1 17 1 1 1 372 
35 9 1 0.0029177647 921.8750000000 63785  8 2 1 1 56 1 1 1 372 
36 9 1 0.0029177647 921.8750000000 63785  8 2 1 1 56 1 1 1 372 
37 9 1 0.0029177647 921.8750000000 63785  8 2 1 1 56 1 1 1 372 
38 9 1 0.0029177647 921.8750000000 63785  8 2 1 1 56 1 1 1 372 
39 9 1 0.0029177647 921.8750000000 19910  8 2 1 1 17 1 1 1 372 
40 9 1 0.0029177647 921.8750000000 19910  8 2 1 1 17 1 1 1 372 
41 9 1 0.0029177647 921.8750000000 19910  8 2 1 1 17 1 1 1 372 
42 9 1 0.0029177647 921.8750000000 50067  8 2 1 1 17 1 1 1 941 
43 9 1 0.0029177647 921.8750000000 52535  8 2 1 1 46 1 1 1 372 
44 9 1 0.0029177647 921.8750000000 19910  8 2 1 1 17 1 1 1 372 
45 9 1 0.0029177647 921.8750000000 59523  8 2 1 1 34 1 1 1 569 
46 9 1 0.0029177647 921.8750000000 19910  8 2 1 1 17 1 1 1 372 
47 9 1 0.0029177647 921.8750000000 20460  33 2 1 1 17 1 1 1 372 
48 9 1 0.0029177647 921.8750000000 19910  8 2 1 1 17 1 1 1 372 
49 9 1 0.0029177647 921.8750000000 19910  8 2 1 1 17 1 1 1 372 
50 9 1 0.0029177647 921.8750000000 19910  8 2 1 1 17 1 1 1 372 
51 9 1 0.0029177647 921.8750000000 19910  8 2 1 1 17 1 1 1 372 
52 9 1 0.0029177647 921.8750000000 19910  8 2 1 1 17 1 1 1 372 
53 9 1 0.0029177647 921.8750000000 36785  8 2 1 1 32 1 1 1 372 
54 9 1 0.0029177647 921.8750000000 19910  8 2 1 1 17 1 1 1 372 
55 9 1 0.0029177647 921.8750000000 19910  8 2 1 1 17 1 1 1 372 
56 9 1 0.0029177647 921.8750000000 19910  8 2 1 1 17 1 1 1 372 
57 9 1 0.0029177647 921.8750000000 19910  8 2 1 1 17 1 1 1 372 
58 9 1 0.0029177647 921.8750000000 20284  25 2 1 1 17 1 1 1 372 
59 9 1 0.0029177647 921.8750000000 19932  9 2 1 1 17 1 1 1 372 
60 9 1 0.0029177647 921.8750000000 19910  8 2 1 1 17 1 1 1 372 
61 9 1 0.0029177647 921.8750000000 19910  8 2 1 1 17 1 1 1 372 
62 9 1 0.0029177647 921.8750000000 19910  8 2 1 1 17 1 1 1 372 
63 9 1 0.0029177647 921.8750000000 19910  8 2 1 1 17 1 1 1 372 
64 9 1 0.0029177647 921.8750000000 19910  8 2 1 1 17 1 1 1 372 
65 9 1 0.0029177647 921.8750000000 19910  8 2 1 1 17 1 1 1 372 
66 9 1 0.0029177647 921.8750000000 19910  8 2 1 1 17 1 1 1 372 
67 9 1 0.0029177647 921.8750000000 19910  8 2 1 1 17 1 1 1 372 
68 9 1 0.0029177647 921.8750000000 14504  8 2 1 1 17 1 1 1 270 
69 9 1 0.0029177647 921.8750000000 27224  8 2 1 1 17 1 1 1 510 
70 9 1 0.0029177647 921.8750000000 30987  8 2 1 1 17 1 1 1 581 
71 9 1 0.0029177647 921.8750000000 19910  8 2 1 1 17 1 1 1 372 
72 9 1 0.0029177647 921.8750000000 19910  8 2 1 1 17 1 1 1 372 
73 9 1 0.0029177647 921.8750000000 19910  8 2 1 1 17 1 1 1 372 
74 9 1 0.0029177647 921.8750000000 19910  8 2 1 1 17 1 1 1 372 
75 9 1 0.0029177647 921.8750000000 19910  8 2 1 1 17 1 1 1 372 
76 9 1 0.0029177647 921.8750000000 19910  8 2 1 1 17 1 1 1 372 
77 9 1 0.0029177647 921.8750000000 17885  8 2 1 1 39 1 1 1 147 
78 9 1 0.0029177647 921.8750000000 43535  8 2 1 1 38 1 1 1 372 
79 9 1 0.0029177647 921.8750000000 43535  8 2 1 1 38 1 1 1 372 
80 9 1 0.0029177647 921.8750000000 19910  8 2 1 1 17 1 1 1 372 
81 9 1 0.0029177647 921.8750000000 19910  8 2 1 1 17 1 1 1 372 
82 9 1 0.0029177647 921.8750000000 19910  8 2 1 1 17 1 1 1 372 
83 9 1 0.0029177647 921.8750000000 19910  8 2 1 1 17 1 1 1 372 
84 9 1 0.0029177647 921.8750000000 91910  8 2 1 1 81 1 1 1 372 
85 9 1 0.0029177647 921.8750000000 19910  8 2 1 1 17 1 1 1 372 
86 9 1 0.0029177647 921.8750000000 19910  8 2 1 1 17 1 1 1 372 
87 9 1 0.0029177647 921.8750000000 19910  8 2 1 1 17 1 1 1 372 
88 9 1 0.0029177647 921.8750000000 19910  8 2 1 1 17 1 1 1 372 
89 9 1 0.0029177647 921.8750000000 19910  8 2 1 1 17 1 1 1 372 
90 9 1 0.0029177647 921.8750000000 19910  8 2 1 1 17 1 1 1 372 
91 9 1 0.0029177647 921.8750000000 19910  8 2 1 1 17 1 1 1 372 
92 9 1 0.0029177647 921.8750000000 29397  8 2 1 1 17 1 1 1 551 
93 9 1 0.0029177647 921.8750000000 29397  8 2 1 1 17 1 1 1 551 
94 9 1 0.0029177647 921.8750000000 2791  8 2 1 1 17 1 1 1 49 
95 9 1 0.0029177647 921.8750000000 19910  8 2 1 1 17 1 1 1 372 
96 9 1 0.0029177647 921.8750000000 20196  21 2 1 1 17 1 1 1 372 
97 9 1 0.0029177647 921.8750000000 19910  8 2 1 1 17 1 1 1 372 
98 9 1 0.0029177647 921.8750000000 19910  8 2 1 1 17 1 1 1 372 
99 9 1 0.0029177647 921.8750000000 19910  8 2 1 1 17 1 1 1 372 
