0 0.0000000243 4437.5000000000
0 0 1 0.0000000292 3046.8750000000 105764  7 2 1 1 86 1 1 1 404 
1 0 1 0.0000000292 3046.8750000000 105764  7 2 1 1 86 1 1 1 404 
2 0 1 0.0000000292 3046.8750000000 105764  7 2 1 1 86 1 1 1 404 
3 3 0 0.0000000180 2750.0000000000 37270  4 2 1 1 37 1 1 1 328 
4 4 1 0.0000000129 2890.6250000000 66940  4 2 1 1 67 1 1 1 328 
5 4 1 0.0000000129 2890.6250000000 66940  4 2 1 1 67 1 1 1 328 
6 4 1 0.0000000129 2890.6250000000 66940  4 2 1 1 67 1 1 1 328 
7 4 1 0.0000000129 2890.6250000000 66940  4 2 1 1 67 1 1 1 328 
8 4 1 0.0000000129 2890.6250000000 66940  4 2 1 1 67 1 1 1 328 
9 4 1 0.0000000121 1859.3750000000 89687  4 2 1 1 90 1 1 1 328 
10 4 1 0.0000000121 1859.3750000000 89687  4 2 1 1 90 1 1 1 328 
11 4 1 0.0000000121 1859.3750000000 89687  4 2 1 1 90 1 1 1 328 
12 12 0 0.0000000119 1890.6250000000 89687  4 2 1 1 90 1 1 1 328 
13 12 0 0.0000000119 1890.6250000000 89687  4 2 1 1 90 1 1 1 328 
14 12 0 0.0000000119 1890.6250000000 89687  4 2 1 1 90 1 1 1 328 
15 12 0 0.0000000119 1890.6250000000 2375  4 2 1 1 90 1 1 1 7 
16 12 0 0.0000000119 1890.6250000000 89687  4 2 1 1 90 1 1 1 328 
17 12 0 0.0000000119 1890.6250000000 89687  4 2 1 1 90 1 1 1 328 
18 12 0 0.0000000119 1890.6250000000 89687  4 2 1 1 90 1 1 1 328 
19 12 0 0.0000000119 1890.6250000000 41226  4 2 1 1 41 1 1 1 328 
20 12 0 0.0000000119 1890.6250000000 56061  4 2 1 1 56 1 1 1 328 
21 12 0 0.0000000119 1890.6250000000 10567  4 2 1 1 10 1 1 1 328 
22 12 0 0.0000000119 1890.6250000000 89687  4 2 1 1 90 1 1 1 328 
23 12 0 0.0000000119 1890.6250000000 269479  4 2 1 1 90 1 1 1 989 
24 12 0 0.0000000119 1890.6250000000 209095  4 2 1 1 90 1 1 1 767 
25 12 0 0.0000000119 1890.6250000000 89687  4 2 1 1 90 1 1 1 328 
26 12 0 0.0000000119 1890.6250000000 89687  4 2 1 1 90 1 1 1 328 
27 12 0 0.0000000119 1890.6250000000 89687  4 2 1 1 90 1 1 1 328 
28 12 0 0.0000000119 1890.6250000000 89687  4 2 1 1 90 1 1 1 328 
29 12 0 0.0000000119 1890.6250000000 89687  4 2 1 1 90 1 1 1 328 
30 12 0 0.0000000119 1890.6250000000 89687  4 2 1 1 90 1 1 1 328 
31 12 0 0.0000000119 1890.6250000000 89687  4 2 1 1 90 1 1 1 328 
32 12 0 0.0000000119 1890.6250000000 89687  4 2 1 1 90 1 1 1 328 
33 12 0 0.0000000119 1890.6250000000 89687  4 2 1 1 90 1 1 1 328 
34 12 0 0.0000000119 1890.6250000000 89687  4 2 1 1 90 1 1 1 328 
35 12 0 0.0000000119 1890.6250000000 89687  4 2 1 1 90 1 1 1 328 
36 36 1 0.0000000114 3062.5000000000 92654  4 2 1 1 93 1 1 1 328 
37 36 1 0.0000000114 3062.5000000000 92654  4 2 1 1 93 1 1 1 328 
38 36 1 0.0000000114 3062.5000000000 92654  4 2 1 1 93 1 1 1 328 
39 36 1 0.0000000114 3062.5000000000 82764  4 2 1 1 83 1 1 1 328 
40 36 1 0.0000000114 3062.5000000000 2734  4 2 1 1 93 1 1 1 8 
41 36 1 0.0000000114 3062.5000000000 92654  4 2 1 1 93 1 1 1 328 
42 36 1 0.0000000114 3062.5000000000 92654  4 2 1 1 93 1 1 1 328 
43 36 1 0.0000000114 3062.5000000000 92654  4 2 1 1 93 1 1 1 328 
44 36 1 0.0000000114 3062.5000000000 277271  4 2 1 1 93 1 1 1 985 
45 36 1 0.0000000114 3062.5000000000 92654  4 2 1 1 93 1 1 1 328 
46 36 1 0.0000000114 3062.5000000000 92654  4 2 1 1 93 1 1 1 328 
47 36 1 0.0000000114 3062.5000000000 92458  2 2 1 1 93 1 1 1 328 
48 36 1 0.0000000114 3062.5000000000 92654  4 2 1 1 93 1 1 1 328 
49 36 1 0.0000000114 3062.5000000000 92654  4 2 1 1 93 1 1 1 328 
50 36 1 0.0000000114 3062.5000000000 92654  4 2 1 1 93 1 1 1 328 
51 36 1 0.0000000114 3062.5000000000 92654  4 2 1 1 93 1 1 1 328 
52 36 1 0.0000000114 3062.5000000000 92654  4 2 1 1 93 1 1 1 328 
53 36 1 0.0000000114 3062.5000000000 92654  4 2 1 1 93 1 1 1 328 
54 36 1 0.0000000114 3062.5000000000 92654  4 2 1 1 93 1 1 1 328 
55 36 1 0.0000000114 3062.5000000000 92654  4 2 1 1 93 1 1 1 328 
56 56 0 0.0000000085 2453.1250000000 89687  4 2 1 1 90 1 1 1 328 
57 56 0 0.0000000085 2453.1250000000 89592  3 2 1 1 90 1 1 1 328 
58 56 0 0.0000000085 2453.1250000000 89687  4 2 1 1 90 1 1 1 328 
59 56 0 0.0000000085 2453.1250000000 89687  4 2 1 1 90 1 1 1 328 
60 56 0 0.0000000085 2453.1250000000 89687  4 2 1 1 90 1 1 1 328 
61 56 0 0.0000000085 2453.1250000000 89687  4 2 1 1 90 1 1 1 328 
62 56 0 0.0000000085 2453.1250000000 89687  4 2 1 1 90 1 1 1 328 
63 56 0 0.0000000085 2453.1250000000 89687  4 2 1 1 90 1 1 1 328 
64 56 0 0.0000000085 2453.1250000000 203383  4 2 1 1 90 1 1 1 746 
65 56 0 0.0000000085 2453.1250000000 89687  4 2 1 1 90 1 1 1 328 
66 56 0 0.0000000085 2453.1250000000 89687  4 2 1 1 90 1 1 1 328 
67 56 0 0.0000000085 2453.1250000000 89687  4 2 1 1 90 1 1 1 328 
68 56 0 0.0000000085 2453.1250000000 93582  45 2 1 1 90 1 1 1 328 
69 56 0 0.0000000085 2453.1250000000 89687  4 2 1 1 90 1 1 1 328 
70 56 0 0.0000000085 2453.1250000000 89687  4 2 1 1 90 1 1 1 328 
71 56 0 0.0000000085 2453.1250000000 10567  4 2 1 1 10 1 1 1 328 
72 56 0 0.0000000085 2453.1250000000 56775  4 2 1 1 90 1 1 1 207 
73 56 0 0.0000000085 2453.1250000000 56775  4 2 1 1 90 1 1 1 207 
74 56 0 0.0000000085 2453.1250000000 89687  4 2 1 1 90 1 1 1 328 
75 56 0 0.0000000085 2453.1250000000 89687  4 2 1 1 90 1 1 1 328 
76 56 0 0.0000000085 2453.1250000000 212631  4 2 1 1 90 1 1 1 780 
77 56 0 0.0000000085 2453.1250000000 89687  4 2 1 1 90 1 1 1 328 
78 56 0 0.0000000085 2453.1250000000 89687  4 2 1 1 90 1 1 1 328 
79 56 0 0.0000000085 2453.1250000000 89687  4 2 1 1 90 1 1 1 328 
80 56 0 0.0000000085 2453.1250000000 89687  4 2 1 1 90 1 1 1 328 
81 56 0 0.0000000085 2453.1250000000 84742  4 2 1 1 85 1 1 1 328 
82 56 0 0.0000000085 2453.1250000000 48149  4 2 1 1 48 1 1 1 328 
83 56 0 0.0000000085 2453.1250000000 48149  4 2 1 1 48 1 1 1 328 
84 56 0 0.0000000085 2453.1250000000 89687  4 2 1 1 90 1 1 1 328 
85 56 0 0.0000000085 2453.1250000000 89687  4 2 1 1 90 1 1 1 328 
86 56 0 0.0000000085 2453.1250000000 89687  4 2 1 1 90 1 1 1 328 
87 56 0 0.0000000085 2453.1250000000 89687  4 2 1 1 90 1 1 1 328 
88 56 0 0.0000000085 2453.1250000000 89687  4 2 1 1 90 1 1 1 328 
89 56 0 0.0000000085 2453.1250000000 89687  4 2 1 1 90 1 1 1 328 
90 56 0 0.0000000085 2453.1250000000 89687  4 2 1 1 90 1 1 1 328 
91 56 0 0.0000000085 2453.1250000000 34303  4 2 1 1 34 1 1 1 328 
92 56 0 0.0000000085 2453.1250000000 89687  4 2 1 1 90 1 1 1 328 
93 56 0 0.0000000085 2453.1250000000 89687  4 2 1 1 90 1 1 1 328 
94 56 0 0.0000000085 2453.1250000000 89687  4 2 1 1 90 1 1 1 328 
95 56 0 0.0000000085 2453.1250000000 89687  4 2 1 1 90 1 1 1 328 
96 56 0 0.0000000085 2453.1250000000 89687  4 2 1 1 90 1 1 1 328 
97 56 0 0.0000000085 2453.1250000000 33314  4 2 1 1 33 1 1 1 328 
98 56 0 0.0000000085 2453.1250000000 89687  4 2 1 1 90 1 1 1 328 
99 56 0 0.0000000085 2453.1250000000 89687  4 2 1 1 90 1 1 1 328 
100 56 0 0.0000000085 2453.1250000000 89687  4 2 1 1 90 1 1 1 328 
101 56 0 0.0000000085 2453.1250000000 89687  4 2 1 1 90 1 1 1 328 
102 56 0 0.0000000085 2453.1250000000 89687  4 2 1 1 90 1 1 1 328 
103 56 0 0.0000000085 2453.1250000000 90352  11 2 1 1 90 1 1 1 328 
104 56 0 0.0000000085 2453.1250000000 70103  4 2 1 1 90 1 1 1 256 
105 56 0 0.0000000085 2453.1250000000 33655  4 2 1 1 90 1 1 1 122 
106 56 0 0.0000000085 2453.1250000000 89687  4 2 1 1 90 1 1 1 328 
107 56 0 0.0000000085 2453.1250000000 89687  4 2 1 1 90 1 1 1 328 
108 56 0 0.0000000085 2453.1250000000 89687  4 2 1 1 90 1 1 1 328 
109 56 0 0.0000000085 2453.1250000000 89687  4 2 1 1 90 1 1 1 328 
110 56 0 0.0000000085 2453.1250000000 112535  4 2 1 1 90 1 1 1 412 
111 56 0 0.0000000085 2453.1250000000 188695  4 2 1 1 90 1 1 1 692 
112 56 0 0.0000000085 2453.1250000000 188695  4 2 1 1 90 1 1 1 692 
113 56 0 0.0000000085 2453.1250000000 89687  4 2 1 1 90 1 1 1 328 
114 56 0 0.0000000085 2453.1250000000 89687  4 2 1 1 90 1 1 1 328 
115 56 0 0.0000000085 2453.1250000000 89687  4 2 1 1 90 1 1 1 328 
116 56 0 0.0000000085 2453.1250000000 89687  4 2 1 1 90 1 1 1 328 
117 56 0 0.0000000085 2453.1250000000 89687  4 2 1 1 90 1 1 1 328 
118 56 0 0.0000000085 2453.1250000000 89687  4 2 1 1 90 1 1 1 328 
119 56 0 0.0000000085 2453.1250000000 89687  4 2 1 1 90 1 1 1 328 
120 56 0 0.0000000085 2453.1250000000 93772  47 2 1 1 90 1 1 1 328 
121 56 0 0.0000000085 2453.1250000000 89687  4 2 1 1 90 1 1 1 328 
122 56 0 0.0000000085 2453.1250000000 89687  4 2 1 1 90 1 1 1 328 
123 56 0 0.0000000085 2453.1250000000 89687  4 2 1 1 90 1 1 1 328 
124 56 0 0.0000000085 2453.1250000000 89687  4 2 1 1 90 1 1 1 328 
125 56 0 0.0000000085 2453.1250000000 89687  4 2 1 1 90 1 1 1 328 
126 56 0 0.0000000085 2453.1250000000 25913  4 2 1 1 59 1 1 1 143 
127 56 0 0.0000000085 2453.1250000000 39367  4 2 1 1 90 1 1 1 143 
128 56 0 0.0000000085 2453.1250000000 89687  4 2 1 1 90 1 1 1 328 
129 56 0 0.0000000085 2453.1250000000 89687  4 2 1 1 90 1 1 1 328 
130 56 0 0.0000000085 2453.1250000000 89687  4 2 1 1 90 1 1 1 328 
131 56 0 0.0000000085 2453.1250000000 89687  4 2 1 1 90 1 1 1 328 
132 56 0 0.0000000085 2453.1250000000 89687  4 2 1 1 90 1 1 1 328 
133 56 0 0.0000000085 2453.1250000000 6710  4 2 1 1 5 1 1 1 392 
134 56 0 0.0000000085 2453.1250000000 89687  4 2 1 1 90 1 1 1 328 
135 56 0 0.0000000085 2453.1250000000 89687  4 2 1 1 90 1 1 1 328 
136 56 0 0.0000000085 2453.1250000000 89687  4 2 1 1 90 1 1 1 328 
137 56 0 0.0000000085 2453.1250000000 89687  4 2 1 1 90 1 1 1 328 
138 56 0 0.0000000085 2453.1250000000 189783  4 2 1 1 90 1 1 1 696 
139 56 0 0.0000000085 2453.1250000000 89687  4 2 1 1 90 1 1 1 328 
140 56 0 0.0000000085 2453.1250000000 89687  4 2 1 1 90 1 1 1 328 
141 56 0 0.0000000085 2453.1250000000 89687  4 2 1 1 90 1 1 1 328 
142 56 0 0.0000000085 2453.1250000000 89687  4 2 1 1 90 1 1 1 328 
143 56 0 0.0000000085 2453.1250000000 89687  4 2 1 1 90 1 1 1 328 
144 56 0 0.0000000085 2453.1250000000 92062  29 2 1 1 90 1 1 1 328 
145 56 0 0.0000000085 2453.1250000000 91302  21 2 1 1 90 1 1 1 328 
146 56 0 0.0000000085 2453.1250000000 89687  4 2 1 1 90 1 1 1 328 
147 56 0 0.0000000085 2453.1250000000 132935  4 2 1 1 90 1 1 1 487 
148 56 0 0.0000000085 2453.1250000000 132935  4 2 1 1 90 1 1 1 487 
149 56 0 0.0000000085 2453.1250000000 132935  4 2 1 1 90 1 1 1 487 
150 56 0 0.0000000085 2453.1250000000 21415  4 2 1 1 90 1 1 1 77 
151 56 0 0.0000000085 2453.1250000000 89687  4 2 1 1 90 1 1 1 328 
152 56 0 0.0000000085 2453.1250000000 89687  4 2 1 1 90 1 1 1 328 
153 56 0 0.0000000085 2453.1250000000 89687  4 2 1 1 90 1 1 1 328 
154 56 0 0.0000000085 2453.1250000000 89687  4 2 1 1 90 1 1 1 328 
155 56 0 0.0000000085 2453.1250000000 84742  4 2 1 1 85 1 1 1 328 
156 56 0 0.0000000085 2453.1250000000 89687  4 2 1 1 90 1 1 1 328 
157 56 0 0.0000000085 2453.1250000000 89687  4 2 1 1 90 1 1 1 328 
158 56 0 0.0000000085 2453.1250000000 89687  4 2 1 1 90 1 1 1 328 
159 56 0 0.0000000085 2453.1250000000 89687  4 2 1 1 90 1 1 1 328 
160 56 0 0.0000000085 2453.1250000000 89687  4 2 1 1 90 1 1 1 328 
161 56 0 0.0000000085 2453.1250000000 89687  4 2 1 1 90 1 1 1 328 
162 56 0 0.0000000085 2453.1250000000 256695  4 2 1 1 90 1 1 1 942 
163 56 0 0.0000000085 2453.1250000000 89687  4 2 1 1 90 1 1 1 328 
164 56 0 0.0000000085 2453.1250000000 89687  4 2 1 1 90 1 1 1 328 
165 56 0 0.0000000085 2453.1250000000 91017  18 2 1 1 90 1 1 1 328 
166 56 0 0.0000000085 2453.1250000000 49945  18 2 1 1 90 1 1 1 177 
167 56 0 0.0000000085 2453.1250000000 90447  12 2 1 1 90 1 1 1 328 
168 56 0 0.0000000085 2453.1250000000 89687  4 2 1 1 90 1 1 1 328 
169 56 0 0.0000000085 2453.1250000000 140279  4 2 1 1 90 1 1 1 514 
170 56 0 0.0000000085 2453.1250000000 89687  4 2 1 1 90 1 1 1 328 
171 56 0 0.0000000085 2453.1250000000 89687  4 2 1 1 90 1 1 1 328 
172 56 0 0.0000000085 2453.1250000000 29575  4 2 1 1 90 1 1 1 107 
173 56 0 0.0000000085 2453.1250000000 89687  4 2 1 1 90 1 1 1 328 
174 56 0 0.0000000085 2453.1250000000 269479  4 2 1 1 90 1 1 1 989 
175 56 0 0.0000000085 2453.1250000000 89687  4 2 1 1 90 1 1 1 328 
176 56 0 0.0000000085 2453.1250000000 93012  39 2 1 1 90 1 1 1 328 
177 56 0 0.0000000085 2453.1250000000 92062  29 2 1 1 90 1 1 1 328 
178 56 0 0.0000000085 2453.1250000000 89687  4 2 1 1 90 1 1 1 328 
179 56 0 0.0000000085 2453.1250000000 89687  4 2 1 1 90 1 1 1 328 
180 56 0 0.0000000085 2453.1250000000 89687  4 2 1 1 90 1 1 1 328 
181 56 0 0.0000000085 2453.1250000000 25402  4 2 1 1 25 1 1 1 328 
182 56 0 0.0000000085 2453.1250000000 38279  4 2 1 1 90 1 1 1 139 
183 56 0 0.0000000085 2453.1250000000 35831  4 2 1 1 90 1 1 1 130 
184 56 0 0.0000000085 2453.1250000000 89687  4 2 1 1 90 1 1 1 328 
185 56 0 0.0000000085 2453.1250000000 89687  4 2 1 1 90 1 1 1 328 
186 56 0 0.0000000085 2453.1250000000 89687  4 2 1 1 90 1 1 1 328 
187 56 0 0.0000000085 2453.1250000000 9991  4 2 1 1 90 1 1 1 35 
188 56 0 0.0000000085 2453.1250000000 165031  4 2 1 1 90 1 1 1 605 
189 56 0 0.0000000085 2453.1250000000 165031  4 2 1 1 90 1 1 1 605 
190 56 0 0.0000000085 2453.1250000000 89687  4 2 1 1 90 1 1 1 328 
191 56 0 0.0000000085 2453.1250000000 89687  4 2 1 1 90 1 1 1 328 
192 56 0 0.0000000085 2453.1250000000 89687  4 2 1 1 90 1 1 1 328 
193 56 0 0.0000000085 2453.1250000000 89687  4 2 1 1 90 1 1 1 328 
194 56 0 0.0000000085 2453.1250000000 16501  4 2 1 1 16 1 1 1 328 
195 56 0 0.0000000085 2453.1250000000 89687  4 2 1 1 90 1 1 1 328 
196 56 0 0.0000000085 2453.1250000000 89687  4 2 1 1 90 1 1 1 328 
197 56 0 0.0000000085 2453.1250000000 89687  4 2 1 1 90 1 1 1 328 
198 56 0 0.0000000085 2453.1250000000 89687  4 2 1 1 90 1 1 1 328 
199 56 0 0.0000000085 2453.1250000000 89687  4 2 1 1 90 1 1 1 328 
