0 0.0000000003 10531.2500000000
0 0 3 0.0000000002 3140.6250000000 554835  32 3 1 132 278 34 27 
1 1 4 0.0000000002 4468.7500000000 460952  15 3 1 91 278 34 27 
2 1 4 0.0000000002 4468.7500000000 460952  15 3 1 91 278 34 27 
3 1 4 0.0000000002 4468.7500000000 109766  15 3 1 91 91 34 27 
4 1 4 0.0000000002 4468.7500000000 109766  15 3 1 91 91 34 27 
5 1 4 0.0000000002 4468.7500000000 109766  15 3 1 91 91 34 27 
6 1 4 0.0000000002 4468.7500000000 460034  15 3 1 91 278 31 27 
7 1 4 0.0000000002 4468.7500000000 460952  15 3 1 91 278 34 27 
8 1 4 0.0000000002 4468.7500000000 455731  15 3 1 91 278 17 26 
9 1 4 0.0000000002 4468.7500000000 460916  15 3 1 91 278 34 26 
10 1 4 0.0000000002 4468.7500000000 460952  15 3 1 91 278 34 27 
11 1 4 0.0000000002 4468.7500000000 770200  15 3 1 219 278 34 27 
12 1 4 0.0000000002 4468.7500000000 457624  7 3 1 91 278 34 17 
13 1 4 0.0000000002 4468.7500000000 302966  15 3 1 91 211 34 27 
14 1 4 0.0000000002 4468.7500000000 651692  15 3 1 176 278 34 27 
15 1 4 0.0000000002 4468.7500000000 459839  12 3 1 91 278 34 27 
16 1 4 0.0000000002 4468.7500000000 455444  15 3 1 91 278 16 27 
17 1 4 0.0000000002 4468.7500000000 557000  15 3 1 137 278 34 27 
18 1 4 0.0000000002 4468.7500000000 460952  15 3 1 91 278 34 27 
19 1 4 0.0000000002 4468.7500000000 618776  15 3 1 163 278 34 27 
