0 0.0000000003 6171.8750000000
0 0 3 0.0000000003 15843.7500000000 262881  47 2 1 186 81 17 17 
1 0 3 0.0000000002 10062.5000000000 211689  47 2 1 159 81 17 17 
2 2 7 0.0000000002 17750.0000000000 465839  47 2 1 159 215 49 17 
3 2 7 0.0000000002 17750.0000000000 465839  47 2 1 159 215 49 17 
4 2 7 0.0000000002 17750.0000000000 465839  47 2 1 159 215 49 17 
5 2 7 0.0000000002 13265.6250000000 465839  47 2 1 159 215 49 17 
6 2 7 0.0000000002 13265.6250000000 457917  47 2 1 159 215 15 17 
7 2 7 0.0000000002 13265.6250000000 465839  47 2 1 159 215 49 17 
8 2 7 0.0000000002 13265.6250000000 465482  47 2 1 159 215 49 10 
9 2 7 0.0000000002 13265.6250000000 466502  47 2 1 159 215 49 30 
10 2 7 0.0000000002 13265.6250000000 454694  47 2 1 159 215 1 30 
11 2 7 0.0000000002 11359.3750000000 465839  47 2 1 159 215 49 17 
12 2 7 0.0000000002 11359.3750000000 465839  47 2 1 159 215 49 17 
13 2 7 0.0000000002 11359.3750000000 465839  47 2 1 159 215 49 17 
14 2 7 0.0000000002 11359.3750000000 465933  47 3 1 159 215 49 17 
15 2 7 0.0000000002 11359.3750000000 445968  16 2 1 159 215 49 17 
16 2 7 0.0000000002 11359.3750000000 465839  47 2 1 159 215 49 17 
17 2 7 0.0000000002 11359.3750000000 465839  47 2 1 159 215 49 17 
18 2 7 0.0000000002 11359.3750000000 465839  47 2 1 159 215 49 17 
19 2 7 0.0000000002 11359.3750000000 465933  47 3 1 159 215 49 17 
