0 0.0000007774 3156.2500000000
0 0 2 0.0000003991 2218.7500000000 59569  10 9 2 1 1 2 1 70 1 1 1 1 1 1 814 
1 0 2 0.0000003991 2218.7500000000 59569  10 9 2 1 1 2 1 70 1 1 1 1 1 1 814 
2 2 1 0.0000002057 1187.5000000000 102834  15 5 2 1 1 2 1 70 1 1 1 1 1 1 479 
3 2 1 0.0000002057 1187.5000000000 28731  15 5 2 1 1 2 1 19 1 1 1 1 1 1 479 
4 2 1 0.0000001861 3281.2500000000 28731  15 5 2 1 1 2 1 19 1 1 1 1 1 1 479 
5 2 1 0.0000001861 3281.2500000000 28731  15 5 2 1 1 2 1 19 1 1 1 1 1 1 479 
6 2 1 0.0000001861 3281.2500000000 30442  15 5 2 1 1 2 1 19 1 1 1 1 1 1 508 
7 2 1 0.0000001861 3281.2500000000 28731  15 5 2 1 1 2 1 19 1 1 1 1 1 1 479 
8 2 1 0.0000001861 3281.2500000000 57287  15 5 2 1 1 2 1 19 1 1 1 1 1 1 963 
9 9 1 0.0000001335 1468.7500000000 29691  47 5 2 1 1 2 1 19 1 1 1 1 1 1 479 
10 9 1 0.0000001335 1468.7500000000 8854  47 5 2 1 1 4 1 14 1 1 1 1 1 1 479 
11 9 1 0.0000001335 1468.7500000000 11489  47 5 2 1 1 4 1 19 1 1 1 1 1 1 479 
12 9 1 0.0000001335 1468.7500000000 11489  47 5 2 1 1 4 1 19 1 1 1 1 1 1 479 
13 9 1 0.0000001335 1468.7500000000 29691  47 5 2 1 1 2 1 19 1 1 1 1 1 1 479 
14 9 1 0.0000001335 1468.7500000000 11959  47 10 2 1 1 1 1 19 1 1 1 1 1 1 479 
15 15 4 0.0000000634 1453.1250000000 124956  47 5 2 1 1 1 1 60 3 1 1 1 1 1 479 
16 15 4 0.0000000634 1453.1250000000 124956  47 5 2 1 1 1 1 60 3 1 1 1 1 1 479 
17 15 4 0.0000000634 1453.1250000000 124956  47 5 2 1 1 1 1 60 3 1 1 1 1 1 479 
18 15 4 0.0000000634 1453.1250000000 87912  47 5 2 1 1 1 1 42 3 1 1 1 1 1 479 
19 15 4 0.0000000634 1453.1250000000 33096  47 5 2 1 1 4 1 60 1 1 1 1 1 1 479 
20 15 4 0.0000000634 1453.1250000000 150876  47 5 2 1 1 1 1 60 2 1 1 1 1 1 479 
21 15 4 0.0000000634 1453.1250000000 35172  47 5 2 1 1 2 1 32 2 1 1 1 1 1 479 
22 15 4 0.0000000634 1453.1250000000 33961  22 5 2 1 1 2 1 60 3 1 1 1 1 1 479 
23 23 3 0.0000000350 2531.2500000000 199534  15 5 2 1 1 1 1 60 2 1 1 1 1 1 654 
24 23 3 0.0000000350 2531.2500000000 199534  15 5 2 1 1 1 1 60 2 1 1 1 1 1 654 
25 23 3 0.0000000350 2531.2500000000 318128  15 2 2 1 1 1 1 60 2 1 1 1 1 1 656 
26 23 3 0.0000000350 2531.2500000000 199534  15 5 2 1 1 1 1 60 2 1 1 1 1 1 654 
27 23 3 0.0000000350 2531.2500000000 199534  15 5 2 1 1 1 1 60 2 1 1 1 1 1 654 
28 23 3 0.0000000350 2531.2500000000 81814  15 5 2 1 1 1 1 60 2 1 1 1 2 1 654 
29 23 3 0.0000000350 2531.2500000000 81814  15 5 2 1 1 1 1 60 2 1 1 1 2 1 654 
30 23 3 0.0000000350 2531.2500000000 160324  15 6 2 1 1 1 1 60 2 1 1 1 1 1 654 
31 23 3 0.0000000350 2531.2500000000 42514  15 3 2 1 1 1 1 60 2 1 1 1 4 1 654 
32 23 3 0.0000000350 2531.2500000000 279866  15 5 2 1 1 1 1 60 2 1 1 1 1 1 920 
33 23 3 0.0000000350 2531.2500000000 279866  15 5 2 1 1 1 1 60 2 1 1 1 1 1 920 
34 23 3 0.0000000350 2531.2500000000 279866  15 5 2 1 1 1 1 60 2 1 1 1 1 1 920 
35 23 3 0.0000000350 2531.2500000000 199534  15 5 2 1 1 1 1 60 2 1 1 1 1 1 654 
36 36 0 0.0000000262 1906.2500000000 145374  5 5 2 1 1 1 1 60 2 1 1 1 1 1 479 
37 36 0 0.0000000262 1906.2500000000 30114  5 5 2 1 1 4 1 60 1 1 1 1 1 1 479 
38 36 0 0.0000000262 1906.2500000000 30454  5 9 2 1 1 1 1 60 2 1 1 1 1 1 479 
39 36 0 0.0000000262 1906.2500000000 145374  5 5 2 1 1 1 1 60 2 1 1 1 1 1 479 
40 36 0 0.0000000262 1906.2500000000 88494  5 5 2 1 1 1 1 60 4 1 1 1 1 1 479 
41 36 0 0.0000000262 1906.2500000000 145374  5 5 2 1 1 1 1 60 2 1 1 1 1 1 479 
42 36 0 0.0000000262 1906.2500000000 145374  5 5 2 1 1 1 1 60 2 1 1 1 1 1 479 
43 36 0 0.0000000262 1906.2500000000 152834  43 5 2 1 1 1 1 61 2 1 1 1 1 1 479 
44 36 0 0.0000000262 1906.2500000000 98032  43 5 2 1 1 1 1 60 4 1 1 1 1 1 479 
45 36 0 0.0000000262 1906.2500000000 88494  5 5 2 1 1 1 1 60 4 1 1 1 1 1 479 
46 36 0 0.0000000262 1906.2500000000 145374  5 5 2 1 1 1 1 60 2 1 1 1 1 1 479 
47 36 0 0.0000000262 1906.2500000000 145374  5 5 2 1 1 1 1 60 2 1 1 1 1 1 479 
48 36 0 0.0000000262 1906.2500000000 247228  5 4 2 1 1 1 1 60 2 1 1 1 1 1 681 
49 36 0 0.0000000262 1906.2500000000 191959  5 4 2 1 1 1 1 83 2 1 1 1 1 1 382 
50 36 0 0.0000000262 1906.2500000000 145374  5 5 2 1 1 1 1 60 2 1 1 1 1 1 479 
51 36 0 0.0000000262 1906.2500000000 59154  5 5 2 1 1 2 1 60 2 1 1 1 1 1 479 
52 36 0 0.0000000262 1906.2500000000 60726  17 5 2 1 1 2 1 60 2 1 1 1 1 1 479 
53 36 0 0.0000000262 1906.2500000000 59184  5 8 2 1 1 1 1 60 2 1 1 1 1 1 479 
54 36 0 0.0000000262 1906.2500000000 145374  5 5 2 1 1 1 1 60 2 1 1 1 1 1 479 
55 36 0 0.0000000262 1906.2500000000 31593  14 5 2 1 1 1 1 60 2 1 1 1 4 1 479 
56 36 0 0.0000000262 1906.2500000000 31593  14 5 2 1 1 1 1 60 2 1 1 1 3 1 479 
57 36 0 0.0000000262 1906.2500000000 31593  14 5 2 1 1 1 1 60 2 1 1 1 3 1 479 
58 36 0 0.0000000262 1906.2500000000 5548  5 5 2 1 1 1 1 60 2 1 1 1 1 1 16 
59 36 0 0.0000000262 1906.2500000000 145374  5 5 2 1 1 1 1 60 2 1 1 1 1 1 479 
60 36 0 0.0000000262 1906.2500000000 145374  5 5 2 1 1 1 1 60 2 1 1 1 1 1 479 
61 36 0 0.0000000262 1906.2500000000 88494  5 5 2 1 1 1 1 60 4 1 1 1 1 1 479 
62 36 0 0.0000000262 1906.2500000000 88494  5 5 2 1 1 1 1 60 4 1 1 1 1 1 479 
63 36 0 0.0000000262 1906.2500000000 116934  5 5 2 1 1 1 1 60 3 1 1 1 1 1 479 
64 36 0 0.0000000262 1906.2500000000 145374  5 5 2 1 1 1 1 60 2 1 1 1 1 1 479 
65 36 0 0.0000000262 1906.2500000000 30414  5 5 2 1 1 1 1 60 2 1 1 1 4 1 479 
66 36 0 0.0000000262 1906.2500000000 145374  5 5 2 1 1 1 1 60 2 1 1 1 1 1 479 
67 36 0 0.0000000262 1906.2500000000 30114  5 5 2 1 1 4 1 60 1 1 1 1 1 1 479 
68 36 0 0.0000000262 1906.2500000000 30414  5 5 2 1 1 1 1 60 2 1 1 1 3 1 479 
69 36 0 0.0000000262 1906.2500000000 145505  6 5 2 1 1 1 1 60 2 1 1 1 1 1 479 
70 36 0 0.0000000262 1906.2500000000 145374  5 5 2 1 1 1 1 60 2 1 1 1 1 1 479 
71 36 0 0.0000000262 1906.2500000000 145374  5 5 2 1 1 1 1 60 2 1 1 1 1 1 479 
72 36 0 0.0000000262 1906.2500000000 30164  5 10 2 1 1 1 1 60 1 1 1 1 1 1 479 
73 36 0 0.0000000262 1906.2500000000 145374  5 5 2 1 1 1 1 60 2 1 1 1 1 1 479 
74 36 0 0.0000000262 1906.2500000000 88494  5 5 2 1 1 1 1 60 4 1 1 1 1 1 479 
75 36 0 0.0000000262 1906.2500000000 10638  5 5 2 1 1 1 1 4 2 1 1 1 1 1 479 
76 36 0 0.0000000262 1906.2500000000 10638  5 5 2 1 1 1 1 4 2 1 1 1 1 1 479 
77 36 0 0.0000000262 1906.2500000000 10638  5 5 2 1 1 1 1 4 2 1 1 1 1 1 479 
78 36 0 0.0000000262 1906.2500000000 25074  5 5 2 1 1 1 1 10 2 1 1 1 1 1 479 
79 36 0 0.0000000262 1906.2500000000 5914  5 5 2 1 1 1 1 10 2 1 1 1 4 1 479 
80 36 0 0.0000000262 1906.2500000000 30114  5 5 2 1 1 4 1 60 1 1 1 1 1 1 479 
81 36 0 0.0000000262 1906.2500000000 30414  5 5 2 1 1 3 1 60 2 1 1 1 1 1 479 
82 36 0 0.0000000262 1906.2500000000 260134  5 5 2 1 1 1 1 60 2 1 1 1 1 1 859 
83 36 0 0.0000000262 1906.2500000000 145374  5 5 2 1 1 1 1 60 2 1 1 1 1 1 479 
84 36 0 0.0000000262 1906.2500000000 145374  5 5 2 1 1 1 1 60 2 1 1 1 1 1 479 
85 36 0 0.0000000262 1906.2500000000 145374  5 5 2 1 1 1 1 60 2 1 1 1 1 1 479 
86 36 0 0.0000000262 1906.2500000000 19138  5 5 2 1 1 1 1 60 2 1 1 1 1 1 61 
87 36 0 0.0000000262 1906.2500000000 19138  5 5 2 1 1 1 1 60 2 1 1 1 1 1 61 
88 36 0 0.0000000262 1906.2500000000 19138  5 5 2 1 1 1 1 60 2 1 1 1 1 1 61 
89 36 0 0.0000000262 1906.2500000000 145374  5 5 2 1 1 1 1 60 2 1 1 1 1 1 479 
90 36 0 0.0000000262 1906.2500000000 145374  5 5 2 1 1 1 1 60 2 1 1 1 1 1 479 
91 36 0 0.0000000262 1906.2500000000 145374  5 5 2 1 1 1 1 60 2 1 1 1 1 1 479 
92 36 0 0.0000000262 1906.2500000000 145374  5 5 2 1 1 1 1 60 2 1 1 1 1 1 479 
93 36 0 0.0000000262 1906.2500000000 151007  48 5 2 1 1 1 1 60 2 1 1 1 1 1 479 
94 36 0 0.0000000262 1906.2500000000 145374  5 5 2 1 1 1 1 60 2 1 1 1 1 1 479 
95 36 0 0.0000000262 1906.2500000000 148387  28 5 2 1 1 1 1 60 2 1 1 1 1 1 479 
96 36 0 0.0000000262 1906.2500000000 145374  5 5 2 1 1 1 1 60 2 1 1 1 1 1 479 
97 36 0 0.0000000262 1906.2500000000 145374  5 5 2 1 1 1 1 60 2 1 1 1 1 1 479 
98 36 0 0.0000000262 1906.2500000000 145374  5 5 2 1 1 1 1 60 2 1 1 1 1 1 479 
99 36 0 0.0000000262 1906.2500000000 145374  5 5 2 1 1 1 1 60 2 1 1 1 1 1 479 
