0 0.0000000221 6218.7500000000
0 0 1 0.0000000045 2093.7500000000 16342  46 3 1 1 87 1 1 1 67 
1 1 2 0.0000000030 2437.5000000000 123267  27 3 1 1 87 1 1 1 685 
2 1 2 0.0000000030 2437.5000000000 123267  27 3 1 1 87 1 1 1 685 
3 3 6 0.0000000024 2015.6250000000 107941  45 3 1 1 87 1 1 1 588 
4 4 7 0.0000000024 1906.2500000000 138408  12 3 1 1 99 1 1 1 685 
5 5 5 0.0000000019 2093.7500000000 24143  12 3 1 1 54 1 1 1 212 
6 5 5 0.0000000019 2093.7500000000 67499  26 3 1 1 54 1 1 1 598 
7 7 0 0.0000000019 1968.7500000000 76173  12 3 1 1 54 1 1 1 685 
8 8 6 0.0000000018 2828.1250000000 75597  3 3 1 1 54 1 1 1 685 
9 8 6 0.0000000018 2828.1250000000 75597  3 3 1 1 54 1 1 1 685 
10 10 8 0.0000000015 2328.1250000000 75981  9 3 1 1 54 1 1 1 685 
11 10 8 0.0000000015 2328.1250000000 75981  9 3 1 1 54 1 1 1 685 
12 10 8 0.0000000015 2328.1250000000 75981  9 3 1 1 54 1 1 1 685 
13 10 8 0.0000000015 2328.1250000000 75981  9 3 1 1 54 1 1 1 685 
14 10 8 0.0000000015 2328.1250000000 75981  9 3 1 1 54 1 1 1 685 
15 10 8 0.0000000015 2328.1250000000 75981  9 3 1 1 54 1 1 1 685 
16 10 8 0.0000000015 2328.1250000000 75981  9 3 1 1 54 1 1 1 685 
17 10 8 0.0000000015 2328.1250000000 75981  9 3 1 1 54 1 1 1 685 
18 10 8 0.0000000015 2328.1250000000 75981  9 3 1 1 54 1 1 1 685 
19 10 8 0.0000000015 2328.1250000000 75981  9 3 1 1 54 1 1 1 685 
1 0.0000000116 1781.2500000000
0 0 1 0.0000000024 2250.0000000000 46428  16 3 1 1 83 1 1 1 267 
1 0 1 0.0000000024 2250.0000000000 46428  16 3 1 1 83 1 1 1 267 
2 0 1 0.0000000024 2250.0000000000 46428  16 3 1 1 83 1 1 1 267 
3 3 5 0.0000000015 3390.6250000000 13121  16 2 1 1 22 2 1 1 267 
4 3 5 0.0000000015 3390.6250000000 13121  16 2 1 1 22 2 1 1 267 
5 3 5 0.0000000015 3390.6250000000 52244  16 2 1 1 91 2 1 1 267 
6 6 6 0.0000000012 1562.5000000000 13121  16 2 1 1 22 2 1 1 267 
7 6 6 0.0000000012 1562.5000000000 6895  16 2 1 2 22 1 1 1 267 
8 6 6 0.0000000012 1562.5000000000 13121  16 2 1 1 22 2 1 1 267 
9 6 6 0.0000000012 1562.5000000000 13121  16 2 1 1 22 2 1 1 267 
10 6 6 0.0000000012 1562.5000000000 13376  21 2 1 1 22 2 1 1 267 
11 6 6 0.0000000012 1562.5000000000 13121  16 2 1 1 22 2 1 1 267 
12 6 6 0.0000000012 1562.5000000000 6895  16 2 1 2 22 1 1 1 267 
13 6 6 0.0000000012 1562.5000000000 12817  16 3 1 1 22 1 1 1 267 
14 6 6 0.0000000012 1562.5000000000 13121  16 2 1 1 22 2 1 1 267 
15 6 6 0.0000000012 1562.5000000000 19561  16 2 1 1 22 2 1 1 407 
16 6 6 0.0000000012 1562.5000000000 40399  16 2 1 1 22 2 1 1 860 
17 6 6 0.0000000012 1562.5000000000 13121  16 2 1 1 22 2 1 1 267 
18 6 6 0.0000000012 1562.5000000000 13121  16 2 1 1 22 2 1 1 267 
19 6 6 0.0000000012 1562.5000000000 13121  16 2 1 1 22 2 1 1 267 
