0 0.0000003513 5562.5000000000
0 0 4 0.0000002495 3359.3750000000 34062  17 2 1 3 42 1 1 1 259 
1 0 4 0.0000002495 3359.3750000000 34062  17 2 1 3 42 1 1 1 259 
2 2 3 0.0000001557 2828.1250000000 6010  17 3 1 2 5 1 1 1 259 
3 2 3 0.0000001557 2828.1250000000 7706  17 3 1 2 29 1 1 1 59 
4 2 3 0.0000001557 2828.1250000000 6010  17 3 1 2 5 1 1 1 259 
5 2 3 0.0000001557 2828.1250000000 17360  17 2 1 2 5 1 1 1 778 
6 6 0 0.0000001438 2734.3750000000 40990  17 3 1 2 60 1 1 1 164 
7 6 0 0.0000001438 2734.3750000000 40990  17 3 1 2 60 1 1 1 164 
8 6 0 0.0000001438 2734.3750000000 40990  17 3 1 2 60 1 1 1 164 
9 6 0 0.0000001438 2734.3750000000 40990  17 3 1 2 60 1 1 1 164 
10 6 0 0.0000001438 2734.3750000000 33730  17 3 1 2 60 1 1 1 134 
11 6 0 0.0000001438 2734.3750000000 40990  17 3 1 2 60 1 1 1 164 
12 6 0 0.0000001438 2734.3750000000 40922  17 2 1 2 60 1 1 1 164 
13 6 0 0.0000001438 2734.3750000000 40922  17 2 1 2 60 1 1 1 164 
14 6 0 0.0000001438 2734.3750000000 40922  17 2 1 2 60 1 1 1 164 
15 6 0 0.0000001438 2734.3750000000 54470  17 3 1 2 80 1 1 1 164 
16 6 0 0.0000001438 2734.3750000000 223216  17 3 1 2 60 1 1 1 917 
17 6 0 0.0000001438 2734.3750000000 10660  17 3 1 2 15 1 1 1 164 
18 6 0 0.0000001438 2734.3750000000 40990  17 3 1 2 60 1 1 1 164 
19 6 0 0.0000001438 2734.3750000000 41664  17 3 1 2 61 1 1 1 164 
