0 0.0000000205 5062.5000000000
0 0 8 0.0000000006 2593.7500000000 161016  24 3 1 1 95 1 1 1 825 
1 0 8 0.0000000006 2593.7500000000 161016  24 3 1 1 95 1 1 1 825 
2 0 8 0.0000000006 2593.7500000000 160281  17 3 1 1 95 1 1 1 825 
3 0 8 0.0000000006 2593.7500000000 68088  24 3 1 1 95 1 1 1 341 
4 0 8 0.0000000006 2593.7500000000 51120  24 3 1 1 71 1 1 1 341 
5 0 8 0.0000000006 2593.7500000000 120816  24 3 1 1 71 1 1 1 825 
6 0 8 0.0000000006 2593.7500000000 239319  24 2 1 1 95 1 1 1 825 
7 0 8 0.0000000006 2593.7500000000 161016  24 3 1 1 95 1 1 1 825 
8 0 8 0.0000000006 2593.7500000000 161016  24 3 1 1 95 1 1 1 825 
9 0 8 0.0000000006 2593.7500000000 161016  24 3 1 1 95 1 1 1 825 
10 0 8 0.0000000006 2593.7500000000 159651  11 3 1 1 95 1 1 1 825 
11 0 8 0.0000000006 2593.7500000000 159651  11 3 1 1 95 1 1 1 825 
12 0 8 0.0000000006 2593.7500000000 161016  24 3 1 1 95 1 1 1 825 
13 13 1 0.0000000004 1640.6250000000 119736  24 3 1 1 95 1 1 1 610 
14 13 1 0.0000000004 1640.6250000000 119736  24 3 1 1 95 1 1 1 610 
15 13 1 0.0000000004 1640.6250000000 119736  24 3 1 1 95 1 1 1 610 
16 13 1 0.0000000004 1640.6250000000 119736  24 3 1 1 95 1 1 1 610 
17 13 1 0.0000000004 1640.6250000000 123800  24 3 1 1 63 1 1 1 953 
18 13 1 0.0000000004 1640.6250000000 118491  24 3 1 1 94 1 1 1 610 
19 13 1 0.0000000004 1640.6250000000 118491  24 3 1 1 94 1 1 1 610 
1 0.0000000134 1734.3750000000
0 0 6 0.0000000080 2109.3750000000 55015  15 3 1 1 55 1 1 1 482 
1 1 5 0.0000000007 2828.1250000000 83815  15 3 1 1 79 1 1 1 515 
2 1 5 0.0000000007 2828.1250000000 124455  15 2 1 1 79 1 1 1 515 
3 1 5 0.0000000007 2828.1250000000 84955  15 2 1 1 79 2 1 1 515 
4 4 6 0.0000000004 1703.1250000000 58711  15 3 1 1 55 1 1 1 515 
5 4 6 0.0000000004 1703.1250000000 58711  15 3 1 1 55 1 1 1 515 
6 4 6 0.0000000004 1703.1250000000 58711  15 3 1 1 55 1 1 1 515 
7 4 6 0.0000000004 1703.1250000000 58711  15 3 1 1 55 1 1 1 515 
8 4 6 0.0000000004 1703.1250000000 58711  15 3 1 1 55 1 1 1 515 
9 4 6 0.0000000004 1703.1250000000 58711  15 3 1 1 55 1 1 1 515 
10 4 6 0.0000000004 1703.1250000000 58581  13 3 1 1 55 1 1 1 515 
11 4 6 0.0000000004 1703.1250000000 58711  15 3 1 1 55 1 1 1 515 
12 4 6 0.0000000004 1703.1250000000 58711  15 3 1 1 55 1 1 1 515 
13 4 6 0.0000000004 1703.1250000000 58711  15 3 1 1 55 1 1 1 515 
14 4 6 0.0000000004 1703.1250000000 58711  15 3 1 1 55 1 1 1 515 
15 4 6 0.0000000004 1703.1250000000 30151  15 3 1 1 55 1 1 1 260 
16 4 6 0.0000000004 1703.1250000000 10775  15 3 1 1 55 1 1 1 87 
17 4 6 0.0000000004 1703.1250000000 58711  15 3 1 1 55 1 1 1 515 
18 4 6 0.0000000004 1703.1250000000 58711  15 3 1 1 55 1 1 1 515 
19 4 6 0.0000000004 1703.1250000000 58711  15 3 1 1 55 1 1 1 515 
