0 0.0000000061 12843.7500000000
0 0 0 0.0000000031 7984.3750000000 314647  42 3 1 52 241 44 6 
1 1 8 0.0000000025 7171.8750000000 658395  42 3 1 275 169 41 6 
2 1 8 0.0000000025 7171.8750000000 658266  42 3 1 275 169 41 3 
3 1 8 0.0000000025 7171.8750000000 662718  46 3 1 275 169 41 3 
4 1 8 0.0000000025 7171.8750000000 662847  46 3 1 275 169 41 6 
5 1 8 0.0000000025 7171.8750000000 931710  42 3 1 275 264 41 6 
6 1 8 0.0000000025 7171.8750000000 659384  42 3 1 275 169 41 29 
7 1 8 0.0000000025 7171.8750000000 925212  42 3 1 275 262 41 6 
8 1 8 0.0000000025 7171.8750000000 649491  34 3 1 275 169 41 6 
9 1 8 0.0000000025 7171.8750000000 656635  42 3 1 275 169 31 6 
10 1 8 0.0000000025 7171.8750000000 658395  42 3 1 275 169 41 6 
11 1 8 0.0000000025 7171.8750000000 658395  42 3 1 275 169 41 6 
12 1 8 0.0000000025 7171.8750000000 658395  42 3 1 275 169 41 6 
13 1 8 0.0000000025 7171.8750000000 655056  39 3 1 275 169 41 6 
14 1 8 0.0000000025 7171.8750000000 655056  39 3 1 275 169 41 6 
15 1 8 0.0000000025 7171.8750000000 655056  39 3 1 275 169 41 6 
16 1 8 0.0000000025 7171.8750000000 658395  42 3 1 275 169 41 6 
17 1 8 0.0000000025 7171.8750000000 658227  42 2 1 275 169 41 6 
18 1 8 0.0000000025 7171.8750000000 658571  42 3 1 275 169 42 6 
19 1 8 0.0000000025 7171.8750000000 658395  42 3 1 275 169 41 6 
