0 0.0000008446 5015.6250000000
0 0 7 0.0000001899 2078.1250000000 87093  17 3 1 1 53 1 1 1 796 
1 1 4 0.0000001239 1500.0000000000 35049  46 2 1 1 88 1 1 1 115 
2 2 1 0.0000001048 1625.0000000000 139001  43 2 1 1 53 1 1 1 847 
3 3 9 0.0000000750 671.8750000000 141700  41 2 1 1 73 1 1 1 626 
4 3 9 0.0000000750 671.8750000000 141700  41 2 1 1 73 1 1 1 626 
5 3 9 0.0000000750 671.8750000000 50304  41 2 1 2 73 1 1 1 626 
6 3 9 0.0000000750 671.8750000000 141700  41 2 1 1 73 1 1 1 626 
7 7 5 0.0000000699 1500.0000000000 141700  41 2 1 1 73 1 1 1 626 
8 7 5 0.0000000699 1500.0000000000 141700  41 2 1 1 73 1 1 1 626 
9 7 5 0.0000000699 1500.0000000000 141700  41 2 1 1 73 1 1 1 626 
10 7 5 0.0000000699 1500.0000000000 141700  41 2 1 1 73 1 1 1 626 
11 7 5 0.0000000699 1500.0000000000 50304  41 2 1 1 73 1 1 2 626 
12 7 5 0.0000000699 1500.0000000000 101920  41 2 1 1 73 1 1 1 446 
13 7 5 0.0000000699 1500.0000000000 141700  41 2 1 1 73 1 1 1 626 
14 7 5 0.0000000699 1500.0000000000 141700  41 2 1 1 73 1 1 1 626 
15 7 5 0.0000000699 1500.0000000000 98995  41 2 1 1 73 2 1 1 626 
16 7 5 0.0000000699 1500.0000000000 141700  41 2 1 1 73 1 1 1 626 
17 17 2 0.0000000673 2734.3750000000 114241  41 3 1 1 87 1 1 1 626 
18 17 2 0.0000000673 2734.3750000000 114241  41 3 1 1 87 1 1 1 626 
19 17 2 0.0000000673 2734.3750000000 114241  41 3 1 1 87 1 1 1 626 
