0 0.0000000043 19718.7500000000
0 0 1 0.0000000033 9515.6250000000 854165  8 3 1 278 247 60 6 
1 0 1 0.0000000033 9515.6250000000 854165  8 3 1 278 247 60 6 
2 0 1 0.0000000033 9515.6250000000 854165  8 3 1 278 247 60 6 
3 0 1 0.0000000033 9515.6250000000 854165  8 3 1 278 247 60 6 
4 0 1 0.0000000033 9515.6250000000 854165  8 3 1 278 247 60 6 
5 5 4 0.0000000030 6703.1250000000 148285  6 3 1 39 162 60 6 
6 5 4 0.0000000030 6703.1250000000 141863  6 3 1 39 162 22 6 
7 5 4 0.0000000030 6703.1250000000 148285  6 3 1 39 162 60 6 
8 5 4 0.0000000030 6703.1250000000 149291  6 3 1 39 162 64 11 
9 5 4 0.0000000030 6703.1250000000 148595  6 3 1 39 162 60 11 
10 5 4 0.0000000030 6703.1250000000 148285  6 3 1 39 162 60 6 
11 5 4 0.0000000030 6703.1250000000 338277  6 3 1 166 162 60 6 
12 5 4 0.0000000030 6703.1250000000 150545  17 3 1 39 162 60 13 
13 5 4 0.0000000030 6703.1250000000 88165  6 3 1 39 117 60 6 
14 5 4 0.0000000030 6703.1250000000 170797  6 3 1 60 162 60 6 
15 5 4 0.0000000030 6703.1250000000 154261  42 3 1 39 162 60 6 
16 5 4 0.0000000030 6703.1250000000 148454  6 3 1 39 162 61 6 
17 17 1 0.0000000028 3406.2500000000 612901  6 3 1 278 162 60 6 
18 17 1 0.0000000028 3406.2500000000 614141  6 3 1 278 162 60 26 
19 17 1 0.0000000028 3406.2500000000 614141  6 3 1 278 162 60 26 
1 0.0000000042 10312.5000000000
