0 0.0000000004 10468.7500000000
0 0 1 0.0000000002 4453.1250000000 191400  43 2 1 33 190 50 22 
1 0 1 0.0000000001 2359.3750000000 191400  43 2 1 33 190 50 22 
2 0 1 0.0000000001 2359.3750000000 191400  43 2 1 33 190 50 22 
3 3 5 0.0000000001 15265.6250000000 193956  43 2 1 33 190 62 22 
4 3 5 0.0000000001 15265.6250000000 193956  43 2 1 33 190 62 22 
5 3 5 0.0000000001 15265.6250000000 193956  43 2 1 33 190 62 22 
6 6 6 0.0000000001 4062.5000000000 476248  43 2 1 188 190 62 25 
7 7 3 0.0000000001 5125.0000000000 520775  36 2 1 208 190 62 25 
8 7 3 0.0000000001 5125.0000000000 204743  36 2 1 49 190 24 25 
9 7 3 0.0000000001 5125.0000000000 520775  36 2 1 208 190 62 25 
10 7 3 0.0000000001 5125.0000000000 520775  36 2 1 208 190 62 25 
11 7 3 0.0000000001 5125.0000000000 520775  36 2 1 208 190 62 25 
12 7 3 0.0000000001 5125.0000000000 567337  38 2 1 208 208 62 26 
13 7 3 0.0000000001 5125.0000000000 509676  23 2 1 208 190 62 22 
14 7 3 0.0000000001 5125.0000000000 520583  36 2 1 208 190 62 22 
15 15 1 0.0000000001 2609.3750000000 506253  36 2 1 208 185 50 25 
16 15 1 0.0000000001 2609.3750000000 506253  36 2 1 208 185 50 25 
17 15 1 0.0000000001 2609.3750000000 506253  36 2 1 208 185 50 25 
18 15 1 0.0000000001 2609.3750000000 505577  36 2 1 208 185 50 12 
19 15 1 0.0000000001 2609.3750000000 505577  36 2 1 208 185 50 12 
