0 0.0000000217 4000.0000000000
0 0 8 0.0000000023 2031.2500000000 113861  40 3 1 1 34 1 1 1 409 
1 1 5 0.0000000023 953.1250000000 344133  9 2 1 1 73 1 1 1 521 
2 1 5 0.0000000021 734.3750000000 344133  9 2 1 1 73 1 1 1 521 
3 1 5 0.0000000021 734.3750000000 344133  9 2 1 1 73 1 1 1 521 
4 1 5 0.0000000021 734.3750000000 344133  9 2 1 1 73 1 1 1 521 
5 1 5 0.0000000021 734.3750000000 270686  9 2 1 1 73 1 1 2 918 
6 1 5 0.0000000021 734.3750000000 166218  2 2 1 1 73 2 1 1 283 
7 7 6 0.0000000018 890.6250000000 306127  9 3 1 1 73 1 1 1 521 
8 7 6 0.0000000018 890.6250000000 307621  27 3 1 1 73 1 1 1 521 
9 7 6 0.0000000018 890.6250000000 306127  9 3 1 1 73 1 1 1 521 
10 10 7 0.0000000016 1796.8750000000 310305  9 3 1 1 74 1 1 1 521 
11 10 7 0.0000000016 1796.8750000000 310305  9 3 1 1 74 1 1 1 521 
12 10 7 0.0000000016 1796.8750000000 310977  17 3 1 1 74 1 1 1 521 
13 10 7 0.0000000016 1796.8750000000 523629  17 3 1 1 74 1 1 1 879 
14 10 7 0.0000000016 1796.8750000000 310305  9 3 1 1 74 1 1 1 521 
15 10 7 0.0000000016 1796.8750000000 310305  9 3 1 1 74 1 1 1 521 
16 10 7 0.0000000016 1796.8750000000 310305  9 3 1 1 74 1 1 1 521 
17 10 7 0.0000000016 1796.8750000000 310305  9 3 1 1 74 1 1 1 521 
18 10 7 0.0000000016 1796.8750000000 310305  9 3 1 1 74 1 1 1 521 
19 10 7 0.0000000016 1796.8750000000 310305  9 3 1 1 74 1 1 1 521 
