0 0.0000015100 5234.3750000000
0 0 1 0.0000000462 1171.8750000000 578487  21 3 1 1 80 1 1 1 898 
1 1 2 0.0000000314 1531.2500000000 368325  47 3 1 1 80 1 1 1 567 
2 1 2 0.0000000314 1531.2500000000 368325  47 3 1 1 80 1 1 1 567 
3 3 3 0.0000000278 1406.2500000000 95019  47 3 1 1 49 1 1 1 234 
4 3 3 0.0000000278 1406.2500000000 95019  47 3 1 1 49 1 1 1 234 
5 3 3 0.0000000278 1406.2500000000 35131  47 3 1 1 49 1 1 1 82 
6 3 3 0.0000000278 1406.2500000000 95019  47 3 1 1 49 1 1 1 234 
7 3 3 0.0000000278 1406.2500000000 95019  47 3 1 1 49 1 1 1 234 
8 3 3 0.0000000278 1406.2500000000 95019  47 3 1 1 49 1 1 1 234 
9 3 3 0.0000000278 1406.2500000000 95019  47 3 1 1 49 1 1 1 234 
10 3 3 0.0000000278 1406.2500000000 94783  43 3 1 1 49 1 1 1 234 
11 3 3 0.0000000278 1406.2500000000 95019  47 3 1 1 49 1 1 1 234 
12 3 3 0.0000000278 1406.2500000000 100779  47 3 1 1 52 1 1 1 234 
13 3 3 0.0000000278 1406.2500000000 95019  47 3 1 1 49 1 1 1 234 
14 14 6 0.0000000238 1375.0000000000 95019  47 3 1 1 49 1 1 1 234 
15 14 6 0.0000000238 1375.0000000000 95019  47 3 1 1 49 1 1 1 234 
16 14 6 0.0000000238 1375.0000000000 95019  47 3 1 1 49 1 1 1 234 
17 14 6 0.0000000238 1375.0000000000 95019  47 3 1 1 49 1 1 1 234 
18 14 6 0.0000000238 1375.0000000000 95019  47 3 1 1 49 1 1 1 234 
19 14 6 0.0000000238 1375.0000000000 95019  47 3 1 1 49 1 1 1 234 
